Inference for Stan model: anon_model_329731fcd003d203126423e54afc57c9.
1 chains, each with iter=10000; warmup=5000; thin=1; 
post-warmup draws per chain=5000, total post-warmup draws=5000.

            mean se_mean     sd   2.5%    25%     50%    75%  97.5%  n_eff   Rhat
t0[1]       0.47  6.8e-4 1.5e-3   0.47   0.47    0.47   0.47   0.47      5   1.16
t0[2]       0.65  1.9e-3 3.1e-3   0.65   0.65    0.65   0.65   0.66      3   2.75
t0[3]       2.73  5.5e-3 8.7e-3   2.72   2.72    2.73   2.74   2.75      3   2.78
t0[4]       0.13  1.1e-4 2.5e-4   0.13   0.13    0.13   0.13   0.13      6   1.24
t0[5]       1.21    0.03   0.04   1.16   1.17    1.21   1.25   1.27      2   2.85
t0[6]       1.96  9.0e-4 3.2e-3   1.95   1.95    1.96   1.96   1.96     13   1.28
t0[7]       1.13    0.02   0.03   1.09    1.1    1.11   1.16   1.19      3   2.32
t0[8]        0.7  9.9e-4 2.3e-3   0.69    0.7     0.7    0.7    0.7      5   1.18
t0[9]       2.51    0.01   0.02   2.48   2.49     2.5   2.52   2.54      3   2.45
t0[10]      1.11  6.8e-4 2.3e-3    1.1    1.1    1.11   1.11   1.11     12   1.09
t0[11]      0.32  1.5e-3 2.4e-3   0.31   0.31    0.32   0.32   0.32      3   2.41
t0[12]      0.23  2.4e-4 5.6e-4   0.22   0.23    0.23   0.23   0.23      5   1.16
t0[13]      1.34  9.9e-3   0.02   1.32   1.33    1.35   1.36   1.37      2   3.15
t0[14]      0.24  1.4e-3 2.3e-3   0.24   0.24    0.24   0.25   0.25      3   2.89
t0[15]      0.29  3.6e-4 7.9e-4   0.29   0.29    0.29   0.29   0.29      5   1.04
t0[16]      0.78  8.2e-3   0.01   0.76   0.77    0.78    0.8   0.81      3   2.71
t0[17]      0.32  1.3e-3 2.6e-3   0.31   0.32    0.32   0.32   0.32      4    1.0
t0[18]      0.64  1.6e-3 3.0e-3   0.64   0.64    0.64   0.64   0.65      4   1.97
t0[19]      0.64  1.2e-3 2.6e-3   0.64   0.64    0.64   0.65   0.65      4   1.15
t0[20]      5.79    0.01   0.02   5.75   5.77    5.79   5.81   5.82      3   2.46
t0[21]      6.61    0.02   0.05   6.53   6.57     6.6   6.63   6.74      8   1.07
t0[22]      0.37  2.3e-3 3.8e-3   0.36   0.36    0.37   0.37   0.37      3   2.64
t0[23]      4.57  2.0e-3 6.6e-3   4.56   4.56    4.57   4.57   4.58     11    1.0
t0[24]      1.42  8.0e-4 2.5e-3   1.42   1.42    1.42   1.43   1.43      9   1.03
t0[25]      1.03  2.8e-3 6.0e-3   1.02   1.03    1.03   1.03   1.04      5    1.2
t0[26]      2.09  7.1e-3   0.01   2.07   2.08    2.09    2.1   2.12      4   1.19
t0[27]      0.31  7.0e-4 1.1e-3   0.31   0.31    0.31   0.31   0.31      3   2.23
t0[28]      0.29  5.6e-4 1.2e-3   0.29   0.29    0.29   0.29   0.29      4    1.0
t0[29]      0.44  4.0e-4 8.3e-4   0.44   0.44    0.44   0.44   0.44      4    1.4
t0[30]      3.12  4.5e-3 9.3e-3    3.1   3.11    3.12   3.12   3.14      4   1.59
t0[31]       2.0  9.4e-3   0.02   1.96   1.98    1.99   2.02   2.04      5    1.3
t0[32]      0.79  2.5e-3 4.1e-3   0.78   0.78    0.79   0.79   0.79      3   2.98
t0[33]      2.73    0.02   0.03   2.67    2.7    2.73   2.76   2.78      3   2.35
t0[34]      1.05  2.5e-3 4.4e-3   1.05   1.05    1.05   1.06   1.06      3   1.75
t0[35]      0.81  7.9e-4 1.5e-3   0.81   0.81    0.81   0.81   0.81      4   1.68
t0[36]      3.31  8.4e-3   0.01   3.28    3.3    3.32   3.32   3.33      3   2.07
t0[37]      0.17  7.1e-4 1.4e-3   0.17   0.17    0.17   0.17   0.17      4    1.5
t0[38]      4.09  9.5e-3   0.02   4.07   4.08    4.09    4.1   4.11      3   2.88
t0[39]      0.48  1.8e-3 4.9e-3   0.48   0.48    0.48   0.49   0.49      7   1.02
t0[40]      0.25  4.6e-4 8.2e-4   0.24   0.24    0.24   0.25   0.25      3   1.99
t0[41]       0.4  7.3e-4 1.1e-3   0.39    0.4     0.4    0.4    0.4      2   3.75
t0[42]      0.76  6.1e-4 1.6e-3   0.75   0.76    0.76   0.76   0.76      7    1.0
t0[43]     22.04    0.12   0.31  21.49  21.84   22.03  22.22  22.65      6   1.04
t0[44]      0.52  5.7e-4 1.8e-3   0.52   0.52    0.52   0.52   0.53     10    1.3
t0[45]      3.17  4.9e-3 9.9e-3   3.16   3.17    3.18   3.18   3.19      4   1.16
t0[46]      0.57  8.1e-4 1.7e-3   0.56   0.57    0.57   0.57   0.57      5   1.33
t0[47]      0.66  1.9e-3 3.5e-3   0.66   0.66    0.66   0.67   0.67      4   1.37
t0[48]      1.96  5.0e-3   0.01   1.94   1.95    1.95   1.96   1.98      5   1.14
t0[49]      0.54  2.1e-3 4.3e-3   0.54   0.54    0.54   0.55   0.55      4   1.56
t0[50]      1.58  5.6e-3   0.01   1.57   1.57    1.57   1.58    1.6      3   1.62
t0[51]      0.29  6.7e-4 1.2e-3   0.28   0.29    0.29   0.29   0.29      3   1.79
t0[52]      1.17  9.4e-4 1.8e-3   1.17   1.17    1.17   1.17   1.17      4   1.64
t0[53]       1.2  1.6e-3 3.7e-3   1.19    1.2     1.2    1.2   1.21      5   1.18
t0[54]       3.6  5.4e-3   0.01   3.57   3.59     3.6   3.61   3.62      5   1.27
t0[55]      4.18    0.03   0.06   4.07   4.14    4.21   4.23   4.26      3   1.79
t0[56]      2.83  1.9e-3 6.8e-3   2.82   2.83    2.83   2.84   2.85     13   1.06
t0[57]      0.63  3.9e-3 6.0e-3   0.62   0.62    0.63   0.63   0.64      2   3.18
t0[58]       0.2  2.3e-4 4.8e-4    0.2    0.2     0.2    0.2    0.2      4    1.5
t0[59]      0.33  5.1e-4 8.6e-4   0.33   0.33    0.33   0.33   0.33      3   1.91
t0[60]      5.69  7.4e-3   0.02   5.66   5.67    5.69   5.71   5.73      7   1.01
t0[61]      5.15    0.01   0.03   5.11   5.13    5.15   5.17    5.2      4   1.78
t0[62]      0.52  2.0e-3 3.4e-3   0.51   0.51    0.51   0.52   0.52      3   1.89
t0[63]      0.15  3.1e-4 5.4e-4   0.15   0.15    0.15   0.15   0.15      3   1.88
t0[64]      0.54  8.0e-4 1.8e-3   0.54   0.54    0.54   0.55   0.55      5   1.59
t0[65]       1.6  1.2e-3 3.4e-3   1.59    1.6     1.6    1.6    1.6      9    1.3
t0[66]      1.01  1.6e-3 4.6e-3    1.0    1.0    1.01   1.01   1.02      8   1.02
t0[67]      0.26  3.7e-4 6.8e-4   0.26   0.26    0.26   0.26   0.26      3   1.86
t0[68]      0.19  1.5e-4 3.5e-4   0.19   0.19    0.19   0.19   0.19      5   1.09
t0[69]      0.83  9.5e-4 2.3e-3   0.83   0.83    0.83   0.83   0.84      6   1.34
t0[70]      2.22  2.1e-3 6.6e-3   2.21   2.22    2.22   2.23   2.23     10   1.13
t0[71]      0.51  6.1e-4 1.6e-3   0.51   0.51    0.51   0.51   0.52      7   1.09
t0[72]      0.44  9.9e-4 1.8e-3   0.43   0.43    0.44   0.44   0.44      3   2.09
t0[73]      0.14  1.5e-4 3.2e-4   0.14   0.14    0.14   0.14   0.14      4   1.38
t0[74]      3.74    0.01   0.03   3.68   3.72    3.73   3.76   3.79      6   1.01
t0[75]      6.36  7.3e-3   0.01   6.34   6.35    6.35   6.36   6.39      3   1.79
t0[76]     41.16    0.06   0.17  40.81  41.04   41.17  41.29  41.46      8   1.15
t0[77]      0.66  4.1e-4 9.0e-4   0.66   0.66    0.66   0.66   0.66      5   1.58
t0[78]       0.2  5.4e-4 1.1e-3    0.2    0.2     0.2    0.2    0.2      4   1.26
t0[79]       0.2  1.9e-4 3.6e-4    0.2    0.2     0.2    0.2    0.2      4    2.0
t0[80]    278.63    1.32   2.66 272.65 277.41  279.34 280.57  282.2      4   1.48
t0[81]    577.73   26.92  61.54 477.09 537.03  577.12 614.06 733.72      5   1.55
t0[82]      7.44  4.7e-3 8.7e-3   7.43   7.43    7.44   7.45   7.46      3   2.66
mu[1]      -1.39  4.4e-3 7.9e-3   -1.4   -1.4   -1.39  -1.38  -1.38      3   1.84
mu[2]       0.07  7.6e-4 1.5e-3   0.07   0.07    0.07   0.07   0.07      4   1.43
mu[3]      -1.64  9.4e-4 2.3e-3  -1.65  -1.65   -1.64  -1.64  -1.64      6   1.42
mu[4]       0.19  2.8e-3 5.0e-3   0.18   0.18    0.19   0.19    0.2      3   2.52
mu[5]       2.72  2.9e-3 4.6e-3   2.72   2.72    2.72   2.73   2.73      2   2.87
mu[6]      -1.28  1.5e-3 3.1e-3  -1.28  -1.28   -1.28  -1.27  -1.27      4   2.15
mu[7]      -1.88    0.01   0.02  -1.93   -1.9   -1.87  -1.86  -1.86      3   1.86
mu[8]       1.55  1.1e-3 2.5e-3   1.54   1.55    1.55   1.55   1.55      6   1.33
mu[9]      -0.41  1.8e-3 3.4e-3  -0.42  -0.42   -0.41  -0.41  -0.41      4   1.98
mu[10]     -1.57  2.3e-3 3.8e-3  -1.57  -1.57   -1.57  -1.56  -1.56      3   2.27
mu[11]      1.96  2.1e-4 4.9e-4   1.96   1.96    1.96   1.96   1.96      6   1.27
mu[12]      0.96  3.2e-3 8.9e-3   0.95   0.96    0.96   0.97   0.98      8   1.08
mu[13]     -1.42  4.7e-3 8.8e-3  -1.44  -1.43   -1.42  -1.42  -1.41      3   1.77
mu[14]      2.49  3.5e-4 1.0e-3   2.49   2.49    2.49   2.49   2.49      8   1.37
mu[15]      2.23  4.6e-5 2.5e-4   2.23   2.23    2.23   2.23   2.23     30   1.11
mu[16]       0.9  1.2e-3 2.7e-3   0.89    0.9     0.9    0.9    0.9      5   1.26
mu[17]      0.24  5.4e-4 1.2e-3   0.24   0.24    0.24   0.24   0.24      5   1.25
mu[18]     -1.87  5.3e-4 1.3e-3  -1.87  -1.87   -1.87  -1.87  -1.87      6   1.01
mu[19]      2.41  1.5e-4 2.8e-4   2.41   2.41    2.41   2.41   2.41      4   1.46
mu[20]      1.62  3.7e-3 7.1e-3    1.6   1.61    1.62   1.62   1.63      4   1.65
mu[21]     -0.66    0.01   0.02   -0.7  -0.68   -0.67  -0.66  -0.61      4   1.68
mu[22]     -0.09  3.1e-3 6.0e-3   -0.1  -0.09   -0.09  -0.08  -0.08      4   1.76
mu[23]     -0.59  1.2e-3 2.2e-3   -0.6  -0.59   -0.59  -0.59  -0.59      3   1.88
mu[24]      0.88  2.4e-3 4.1e-3   0.87   0.88    0.88   0.88   0.89      3   2.01
mu[25]      1.98  7.3e-3   0.01   1.96   1.97    1.98   1.99    2.0      3   3.52
mu[26]      1.07  8.3e-4 1.5e-3   1.07   1.07    1.07   1.07   1.07      3   2.34
mu[27]      2.06  4.5e-4 1.5e-3   2.05   2.06    2.06   2.06   2.06     10   1.04
mu[28]     -0.64  9.3e-4 3.1e-3  -0.64  -0.64   -0.64  -0.63  -0.63     11   1.01
mu[29]     -1.83  5.2e-3   0.02  -1.86  -1.85   -1.83  -1.82   -1.8     10   1.34
mu[30]      1.75  3.8e-4 1.2e-3   1.75   1.75    1.75   1.75   1.75     10   1.26
mu[31]     -1.61  4.0e-3 6.6e-3  -1.62  -1.62   -1.61   -1.6   -1.6      3    2.7
mu[32]     -0.84  4.6e-3 8.2e-3  -0.85  -0.85   -0.84  -0.83  -0.82      3   1.75
mu[33]     -1.95  8.3e-4 1.9e-3  -1.96  -1.96   -1.95  -1.95  -1.95      5   1.05
mu[34]      -1.7  1.1e-3 2.3e-3  -1.71   -1.7    -1.7   -1.7   -1.7      4   1.78
mu[35]     -0.45  1.9e-3 4.1e-3  -0.46  -0.45   -0.45  -0.45  -0.44      5   1.34
mu[36]     -0.39    0.01   0.02  -0.43  -0.41   -0.39  -0.38  -0.36      3   2.56
mu[37]      1.07  6.7e-4 1.6e-3   1.06   1.07    1.07   1.07   1.07      6   1.54
mu[38]       0.3  1.4e-3 2.7e-3   0.29   0.29     0.3    0.3    0.3      4   1.69
mu[39]     -0.87  1.9e-3 6.5e-3  -0.89  -0.88   -0.87  -0.87  -0.86     12   1.13
mu[40]      0.96  2.6e-4 9.8e-4   0.96   0.96    0.96   0.96   0.97     14   1.15
mu[41]      1.24  4.7e-4 1.4e-3   1.24   1.24    1.24   1.24   1.24      8   1.07
mu[42]     -1.77  1.0e-3 2.6e-3  -1.78  -1.78   -1.77  -1.77  -1.77      6   1.02
mu[43]     -1.18  4.6e-3 8.0e-3  -1.19  -1.18   -1.18  -1.17  -1.16      3   2.13
mu[44]      4.65    0.03   0.05   4.57    4.6    4.65   4.68   4.74      4   1.54
mu[45]     -0.34    0.01   0.03  -0.38  -0.36   -0.34  -0.31  -0.27      6   1.47
mu[46]     -0.03  3.2e-3 5.8e-3  -0.05  -0.04   -0.03  -0.03  -0.02      3   2.47
mu[47]      3.49  3.6e-3 8.9e-3   3.47   3.48    3.48   3.49    3.5      6   1.11
mu[48]      1.52  9.5e-4 2.3e-3   1.52   1.52    1.52   1.52   1.53      6   1.32
mu[49]      0.84  3.9e-3 6.3e-3   0.83   0.84    0.84   0.85   0.85      3   2.36
mu[50]      0.05  8.9e-3   0.01   0.03   0.03    0.05   0.06   0.07      3   2.26
mu[51]     -0.37    0.02   0.03  -0.43   -0.4   -0.37  -0.34  -0.32      3   2.46
mu[52]      -1.7  5.5e-4 1.5e-3   -1.7   -1.7    -1.7   -1.7  -1.69      8   1.06
mu[53]     -1.02  3.5e-3 8.4e-3  -1.04  -1.03   -1.02  -1.02  -1.01      6   1.29
mu[54]     -2.08  1.0e-3 2.2e-3  -2.08  -2.08   -2.08  -2.07  -2.07      5   1.23
mu[55]     -1.17  5.0e-4 1.4e-3  -1.17  -1.17   -1.17  -1.17  -1.17      8    1.0
mu[56]     -0.12  3.8e-3 6.0e-3  -0.13  -0.13   -0.12  -0.11  -0.11      3   2.67
mu[57]     -1.64  7.1e-3   0.01  -1.68  -1.65   -1.64  -1.64  -1.62      4    1.4
mu[58]      2.34    0.07   0.12   2.11   2.24    2.36   2.44   2.51      3   2.52
mu[59]      0.56  1.9e-3 3.1e-3   0.56   0.56    0.56   0.56   0.57      3   2.47
mu[60]      0.56  1.7e-3 2.9e-3   0.55   0.55    0.56   0.56   0.56      3   2.27
mu[61]     -0.21  3.4e-3 6.7e-3  -0.22  -0.21   -0.21   -0.2  -0.19      4   1.78
mu[62]      0.85  8.2e-4 1.5e-3   0.85   0.85    0.85   0.85   0.85      3   2.21
mu[63]     -0.56  5.3e-4 1.5e-3  -0.56  -0.56   -0.56  -0.56  -0.55      8   1.17
mu[64]     -0.07  4.8e-3 9.6e-3  -0.08  -0.08   -0.07  -0.06  -0.05      4   1.17
mu[65]      1.81    0.02   0.03   1.74   1.77    1.81   1.83   1.85      3   2.42
mu[66]      0.78  2.3e-3 5.5e-3   0.77   0.78    0.78   0.79   0.79      6   1.34
mu[67]      0.76  7.5e-4 1.8e-3   0.75   0.75    0.76   0.76   0.76      6   1.21
mu[68]      1.23  6.7e-4 1.3e-3   1.23   1.23    1.23   1.24   1.24      4   1.85
mu[69]      0.58    0.03   0.05   0.48   0.54    0.59   0.62   0.66      3   2.22
mu[70]     -0.39    0.01   0.02  -0.43  -0.41   -0.38  -0.38  -0.36      3    1.8
mu[71]    9.2e-3  1.1e-3 3.0e-3 4.2e-3 6.6e-3  9.1e-3   0.01   0.02      7   1.16
mu[72]      1.66  7.9e-4 1.6e-3   1.66   1.66    1.66   1.66   1.66      4   2.19
mu[73]      2.67  8.8e-5 3.7e-4   2.67   2.67    2.67   2.67   2.67     17   1.13
mu[74]      0.57  2.0e-3 4.6e-3   0.56   0.57    0.57   0.58   0.58      5   1.04
mu[75]     -1.36  8.6e-4 2.4e-3  -1.36  -1.36   -1.36  -1.36  -1.35      8   1.29
mu[76]      0.08  8.7e-4 2.4e-3   0.07   0.08    0.08   0.08   0.08      8   1.18
mu[77]     -1.69  4.0e-3 6.9e-3   -1.7   -1.7   -1.69  -1.69  -1.68      3    2.3
mu[78]       2.1  3.4e-3 5.8e-3    2.1    2.1     2.1   2.11   2.11      3   2.02
mu[79]     -0.63  4.0e-3 7.4e-3  -0.64  -0.63   -0.62  -0.62  -0.62      3   1.93
mu[80]      5.71  4.4e-3 8.8e-3   5.69   5.71    5.72   5.72   5.73      4   1.48
mu[81]      6.38    0.05    0.1    6.2   6.32    6.39   6.45   6.62      5   1.58
mu[82]      2.99  2.9e-4 5.4e-4   2.99   2.99    2.99   2.99   2.99      3   1.97
alpha[1]    0.67  9.8e-4 1.8e-3   0.67   0.67    0.67   0.68   0.68      3   1.68
alpha[2]    1.19  8.7e-4 1.9e-3   1.18   1.19    1.19   1.19   1.19      5   1.43
alpha[3]    1.22  1.7e-3 2.9e-3   1.22   1.22    1.22   1.23   1.23      3   2.18
alpha[4]  4.9e-4  2.5e-5 7.5e-5 3.7e-4 4.3e-4  4.9e-4 5.3e-4 6.6e-4      9   1.03
alpha[5]    4.67  1.5e-3 3.0e-3   4.66   4.66    4.67   4.67   4.67      4   2.07
alpha[6]    5.29    0.01   0.03   5.24   5.27    5.29    5.3   5.37      6   1.48
alpha[7]    0.01  1.1e-4 1.9e-4   0.01   0.01    0.01   0.01   0.01      3   2.17
alpha[8]    0.74  3.9e-3   0.01   0.72   0.73    0.74   0.74   0.75      7   1.16
alpha[9]     0.3  4.7e-4 9.8e-4   0.29    0.3     0.3    0.3    0.3      4   1.52
alpha[10]   2.53    0.01   0.03    2.5   2.52    2.53   2.54    2.6      4   1.42
alpha[11]   4.13    0.01   0.03   4.06   4.11    4.14   4.16   4.19      5   1.06
alpha[12]   0.22  6.6e-4 1.3e-3   0.22   0.22    0.22   0.23   0.23      4   1.29
alpha[13]   0.35  5.3e-4 1.8e-3   0.34   0.35    0.35   0.35   0.35     12   1.13
alpha[14]    2.0  2.1e-3 3.5e-3   1.99   1.99     2.0    2.0    2.0      3   2.23
alpha[15]  11.19  1.6e-3 5.7e-3  11.18  11.19   11.19  11.19   11.2     14   1.18
alpha[16] 149.58    3.93   6.46 136.22 144.09  151.06 154.86  158.2      3   2.22
alpha[17]  13.98  3.0e-3   0.01  13.96  13.97   13.98  13.98   14.0     13    1.0
alpha[18] 1.7e-3  1.8e-5 3.9e-5 1.6e-3 1.6e-3  1.7e-3 1.7e-3 1.8e-3      5   1.36
alpha[19]  12.52    0.03   0.12  12.17  12.48   12.54  12.59  12.74     12   1.13
alpha[20]   0.49  7.3e-4 1.5e-3   0.49   0.49    0.49   0.49    0.5      4   1.51
alpha[21]   0.81  3.8e-4 1.2e-3   0.81   0.81    0.81   0.81   0.81     10   1.01
alpha[22]   1.27  3.8e-3 6.3e-3   1.26   1.26    1.27   1.27   1.28      3   2.07
alpha[23]   2.01  1.9e-3 4.9e-3    2.0    2.0    2.01   2.01   2.02      7   1.09
alpha[24]   8.68    0.01   0.02   8.64   8.66    8.68    8.7   8.72      5   1.73
alpha[25]   0.01  2.1e-4 6.4e-4 8.8e-3 9.9e-3    0.01   0.01   0.01      9   1.04
alpha[26]   1.03  2.8e-3 5.8e-3   1.01   1.02    1.02   1.03   1.04      4   1.72
alpha[27]   4.77  8.3e-4 2.5e-3   4.76   4.77    4.77   4.77   4.77      9   1.02
alpha[28]   0.09  5.7e-4 1.4e-3   0.09   0.09    0.09   0.09    0.1      6   1.04
alpha[29]   0.22  3.7e-4 6.7e-4   0.21   0.22    0.22   0.22   0.22      3   1.62
alpha[30]   0.22  5.3e-4 8.7e-4   0.22   0.22    0.22   0.22   0.22      3   2.63
alpha[31]    1.8  5.1e-3 8.2e-3   1.78   1.79     1.8   1.81   1.81      3    2.3
alpha[32]   1.28  3.7e-3 5.9e-3   1.27   1.27    1.27   1.28   1.28      3   2.53
alpha[33]   0.39  2.3e-3 4.6e-3   0.38   0.38    0.39   0.39   0.39      4    1.5
alpha[34]   0.92  2.7e-3 8.2e-3    0.9   0.91    0.91   0.92   0.94      9    1.0
alpha[35]   5.64    0.04   0.07   5.54   5.57    5.65   5.68   5.76      3   2.63
alpha[36]   1.55    0.01   0.03   1.48   1.53    1.55   1.57   1.61      8   1.05
alpha[37]   2.99  1.8e-3 4.1e-3   2.99   2.99    2.99    3.0    3.0      5   1.03
alpha[38]   2.42  6.0e-4 1.6e-3   2.42   2.42    2.42   2.42   2.43      7   1.29
alpha[39]   0.52  2.5e-3 4.5e-3   0.51   0.52    0.52   0.53   0.53      3   1.84
alpha[40]   2.74  1.3e-3 3.1e-3   2.73   2.74    2.74   2.74   2.75      6   1.27
alpha[41]   2.12  2.7e-3 4.8e-3   2.11   2.12    2.12   2.12   2.13      3   1.98
alpha[42]   0.92  1.3e-3 3.3e-3   0.91   0.92    0.92   0.92   0.93      7   1.09
alpha[43]   1.09  5.1e-3 8.3e-3   1.08   1.08    1.09    1.1    1.1      3   2.44
alpha[44]    0.1  4.0e-4 6.4e-4    0.1    0.1     0.1    0.1    0.1      3   2.49
alpha[45]   0.61  3.9e-4 1.3e-3   0.61   0.61    0.61   0.61   0.62     11   1.21
alpha[46]    2.3  1.0e-3 2.7e-3    2.3    2.3     2.3    2.3    2.3      7    1.1
alpha[47]   0.13  3.2e-4 5.6e-4   0.13   0.13    0.13   0.13   0.13      3   1.99
alpha[48]   1.84  5.7e-3   0.01   1.83   1.83    1.84   1.85   1.86      3    2.0
alpha[49]   0.33  5.3e-4 8.7e-4   0.33   0.33    0.33   0.33   0.34      3   2.47
alpha[50]    0.2  1.3e-4 3.6e-4    0.2    0.2     0.2    0.2    0.2      8   1.18
alpha[51]   0.13  2.9e-4 5.9e-4   0.13   0.13    0.13   0.13   0.13      4   1.68
alpha[52]   0.88  3.5e-3 6.9e-3   0.87   0.88    0.88   0.89    0.9      4    1.7
alpha[53]   3.23    0.01   0.02   3.21   3.22    3.23   3.25   3.26      3   2.97
alpha[54]   2.28  4.2e-3 8.6e-3   2.27   2.27    2.28   2.29    2.3      4   1.71
alpha[55]   1.77  1.4e-3 3.2e-3   1.76   1.76    1.77   1.77   1.77      5   1.01
alpha[56]   5.08  5.2e-3   0.01   5.06   5.07    5.08   5.09    5.1      5   1.67
alpha[57]   0.59  5.2e-4 1.1e-3   0.59   0.59    0.59   0.59    0.6      4   1.42
alpha[58]  10.27    0.06   0.14   9.92  10.25   10.31  10.35  10.46      6   1.18
alpha[59]   1.87  2.0e-3 3.4e-3   1.87   1.87    1.88   1.88   1.88      3   2.76
alpha[60]   2.21  7.2e-3   0.02    2.2    2.2    2.21   2.21   2.25      5   1.34
alpha[61]   0.17  3.0e-4 5.6e-4   0.17   0.17    0.17   0.18   0.18      4   1.86
alpha[62]  12.29    0.02   0.05   12.2  12.25   12.31  12.33  12.36      4   1.23
alpha[63] 4.7e-4  3.3e-6 9.2e-6 4.6e-4 4.7e-4  4.7e-4 4.8e-4 4.9e-4      8   1.28
alpha[64]   0.15  1.9e-4 4.6e-4   0.15   0.15    0.15   0.15   0.15      6   1.05
alpha[65]   1.79    0.01   0.02   1.76   1.77    1.79    1.8   1.81      3   2.65
alpha[66]    0.6  1.2e-3 2.4e-3   0.59   0.59     0.6    0.6    0.6      4   1.53
alpha[67]   1.37  5.7e-4 1.7e-3   1.36   1.36    1.37   1.37   1.37      9   1.08
alpha[68]    5.1  1.5e-3 4.4e-3   5.09   5.09     5.1    5.1    5.1      9   1.22
alpha[69]   0.49  9.1e-4 2.1e-3   0.49   0.49    0.49   0.49    0.5      5   1.24
alpha[70]   1.18  1.2e-3 2.5e-3   1.18   1.18    1.18   1.18   1.18      5   1.12
alpha[71]   4.13  4.2e-4 1.6e-3   4.13   4.13    4.13   4.13   4.13     13   1.01
alpha[72]   0.84  5.3e-3   0.01   0.83   0.84    0.85   0.85   0.87      5   1.64
alpha[73]   7.99  2.1e-3 5.9e-3   7.98   7.99    7.99    8.0   8.01      8    1.2
alpha[74]   0.34  3.3e-4 7.3e-4   0.34   0.34    0.34   0.34   0.34      5   1.56
alpha[75]   5.56  3.9e-3 8.1e-3   5.54   5.56    5.56   5.57   5.58      4   1.57
alpha[76]  13.75    0.03   0.08  13.61  13.68   13.75  13.82  13.89      5   1.08
alpha[77]   1.49  5.3e-3   0.01   1.47   1.48    1.49    1.5    1.5      4   1.42
alpha[78] 2.2e-4  3.2e-6 6.5e-6 2.2e-4 2.2e-4  2.2e-4 2.3e-4 2.4e-4      4   1.37
alpha[79]   0.66  3.1e-4 1.0e-3   0.66   0.66    0.66   0.66   0.67     11   1.09
alpha[80]   8.11  1.4e-3 3.0e-3    8.1   8.11    8.11   8.11   8.11      4    1.5
alpha[81]   3.75  4.6e-3 7.6e-3   3.74   3.74    3.75   3.76   3.76      3   2.86
alpha[82]   6.98  3.8e-4 2.1e-3   6.97   6.97    6.98   6.98   6.98     31   1.02
sigma[1]    4.41  7.5e-3   0.01   4.39   4.39    4.41   4.42   4.43      3   2.43
sigma[2]    3.73  5.0e-3 8.3e-3   3.72   3.73    3.73   3.74   3.75      3   2.64
sigma[3]    21.1    0.31   0.59  20.32  20.63   20.93  21.54  22.28      4   1.55
sigma[4]     7.1    0.27   0.45   6.45   6.63     7.2   7.47   7.88      3   2.37
sigma[5]    1.09  1.6e-3 2.6e-3   1.09   1.09    1.09    1.1    1.1      3   2.44
sigma[6]    0.49  5.0e-4 1.1e-3   0.49   0.49    0.49   0.49   0.49      5   1.39
sigma[7]    0.11  2.7e-3 5.6e-3    0.1    0.1     0.1   0.11   0.12      4   1.24
sigma[8]    0.05  4.8e-4 1.1e-3   0.05   0.05    0.05   0.05   0.05      5   1.66
sigma[9]    0.23  2.1e-3 4.1e-3   0.22   0.22    0.23   0.23   0.23      4   1.65
sigma[10]   0.13  3.1e-4 5.2e-4   0.13   0.13    0.13   0.13   0.13      3   2.08
sigma[11]   0.02  2.0e-4 4.0e-4   0.02   0.02    0.02   0.02   0.02      4   1.44
sigma[12]   0.06  1.0e-4 2.4e-4   0.06   0.06    0.06   0.06   0.06      5   1.48
sigma[13]   3.69  1.9e-3 8.4e-3   3.67   3.68    3.69   3.69   3.71     19   1.04
sigma[14]   0.53  7.6e-5 3.5e-4   0.53   0.53    0.53   0.53   0.53     21   1.01
sigma[15]   0.58  8.7e-5 3.3e-4   0.57   0.58    0.58   0.58   0.58     14   1.02
sigma[16]   0.42  2.1e-3 3.7e-3   0.41   0.41    0.42   0.42   0.42      3   1.89
sigma[17]   0.66  6.2e-4 1.1e-3   0.66   0.66    0.66   0.66   0.66      3   2.07
sigma[18]   2.52    0.06   0.14   2.26   2.42    2.51   2.61   2.79      5   1.45
sigma[19]   0.03  5.4e-5 1.8e-4   0.03   0.03    0.03   0.03   0.03     11   1.06
sigma[20]    0.3  3.4e-4 8.3e-4   0.29   0.29     0.3    0.3    0.3      6   1.05
sigma[21]   0.49  2.1e-3 3.7e-3   0.48   0.49    0.49   0.49   0.49      3   2.32
sigma[22]   0.14  1.3e-4 3.6e-4   0.14   0.14    0.14   0.14   0.14      8   1.06
sigma[23]   0.56  7.2e-4 2.6e-3   0.56   0.56    0.56   0.56   0.57     13   1.13
sigma[24]   0.09  1.7e-3 3.7e-3   0.09   0.09    0.09    0.1    0.1      5   1.44
sigma[25]   1.25  4.5e-3 7.8e-3   1.24   1.25    1.25   1.26   1.26      3   2.11
sigma[26]   0.24  1.0e-3 1.8e-3   0.24   0.24    0.24   0.24   0.24      3   2.64
sigma[27]   1.64  4.2e-4 1.3e-3   1.64   1.64    1.64   1.64   1.64      9   1.08
sigma[28]   0.26    0.01   0.02   0.22   0.25    0.26   0.28    0.3      3    2.4
sigma[29]  17.31    0.07   0.12  17.08   17.2   17.35  17.41  17.48      3    2.3
sigma[30]   20.4    0.25   0.44  19.51  20.09   20.59  20.75  20.93      3   1.95
sigma[31]   0.68  1.2e-3 2.2e-3   0.67   0.68    0.68   0.68   0.68      3   1.56
sigma[32]   1.66  2.6e-3 5.3e-3   1.65   1.66    1.66   1.66   1.67      4   1.78
sigma[33]   0.36  1.3e-3 2.0e-3   0.36   0.36    0.36   0.36   0.36      2   3.84
sigma[34]   0.49  1.2e-3 2.0e-3   0.49   0.49    0.49    0.5    0.5      3    2.6
sigma[35]   0.19  1.6e-3 2.9e-3   0.18   0.18    0.19   0.19   0.19      3   1.91
sigma[36]   0.45  4.3e-4 1.4e-3   0.45   0.45    0.45   0.45   0.46     11   1.06
sigma[37]   1.29  2.6e-4 8.7e-4   1.29   1.29    1.29   1.29   1.29     11    1.2
sigma[38]  15.69    0.06   0.16  15.35  15.59   15.69   15.8  15.96      7   1.01
sigma[39]   0.29  4.3e-4 8.5e-4   0.29   0.29    0.29   0.29   0.29      4   1.14
sigma[40]    1.8  5.1e-4 1.3e-3    1.8    1.8     1.8    1.8    1.8      6   1.48
sigma[41]    0.1  2.7e-4 5.5e-4    0.1    0.1     0.1    0.1    0.1      4   2.01
sigma[42]   0.86  3.5e-3 7.0e-3   0.85   0.86    0.86   0.87   0.88      4   1.72
sigma[43]   2.57  1.2e-3 2.7e-3   2.56   2.57    2.57   2.57   2.57      5   1.34
sigma[44]   1.26  2.3e-3 7.0e-3   1.25   1.26    1.26   1.27   1.28      9    1.0
sigma[45]    0.5  6.5e-4 1.9e-3   0.49    0.5     0.5    0.5    0.5      8   1.47
sigma[46]   2.27  2.7e-3 4.8e-3   2.27   2.27    2.27   2.28   2.28      3   2.45
sigma[47]   1.25    0.01   0.02   1.21   1.23    1.25   1.26   1.29      4   1.43
sigma[48]   0.04  3.6e-4 6.9e-4   0.04   0.04    0.04   0.04   0.04      4   1.51
sigma[49]    2.7  2.3e-3 5.5e-3   2.69    2.7     2.7    2.7   2.71      6    1.4
sigma[50]    0.3  4.1e-4 8.4e-4   0.29   0.29     0.3    0.3    0.3      4   1.53
sigma[51]   0.21  1.3e-3 2.4e-3   0.21   0.21    0.21   0.21   0.21      4   1.63
sigma[52]   0.37  6.1e-4 1.0e-3   0.37   0.37    0.37   0.37   0.37      3   2.05
sigma[53]   0.14  2.5e-4 6.3e-4   0.14   0.14    0.14   0.14   0.14      6   1.39
sigma[54]   0.57  9.8e-4 2.1e-3   0.56   0.56    0.57   0.57   0.57      5   2.03
sigma[55]   0.63  1.5e-3 4.3e-3   0.62   0.63    0.63   0.63   0.64      8   1.11
sigma[56]    0.2  1.4e-4 4.0e-4    0.2    0.2     0.2    0.2    0.2      8   1.01
sigma[57]   0.47  1.3e-3 5.5e-3   0.46   0.47    0.47   0.47   0.48     19   1.03
sigma[58]   0.61    0.02   0.03   0.57   0.59    0.61   0.64   0.67      3   2.52
sigma[59]   0.07  3.8e-4 6.4e-4   0.07   0.07    0.07   0.08   0.08      3   3.35
sigma[60]   0.28  8.4e-4 1.5e-3   0.28   0.28    0.28   0.28   0.29      3   2.09
sigma[61]   5.29    0.03   0.05   5.22   5.25    5.29   5.34   5.39      3   2.45
sigma[62]   0.33  2.2e-4 6.0e-4   0.33   0.33    0.33   0.33   0.33      8    1.1
sigma[63]   3.64    0.01   0.02   3.61   3.62    3.63   3.65   3.68      3   1.51
sigma[64]   5.99    0.01   0.02   5.96   5.97    5.98   6.01   6.03      3   2.84
sigma[65]    0.7  5.5e-3   0.01   0.67    0.7    0.71   0.71   0.71      4    1.6
sigma[66]   0.33    0.02   0.03   0.27    0.3    0.33   0.35   0.38      3    2.6
sigma[67]   0.54  3.7e-4 1.0e-3   0.54   0.54    0.54   0.54   0.54      8    1.5
sigma[68]   0.83  8.6e-4 1.5e-3   0.83   0.83    0.83   0.83   0.83      3   2.18
sigma[69]   0.54  1.3e-3 2.6e-3   0.53   0.53    0.54   0.54   0.54      4    1.1
sigma[70]    0.5  2.9e-4 1.4e-3    0.5    0.5     0.5    0.5    0.5     22    1.0
sigma[71]   6.36  1.9e-3 5.4e-3   6.35   6.35    6.36   6.36   6.37      8    1.0
sigma[72]   0.07  1.1e-4 2.9e-4   0.07   0.07    0.07   0.07   0.07      7   1.03
sigma[73]   0.66  6.9e-5 2.6e-4   0.66   0.66    0.66   0.66   0.66     14   1.21
sigma[74]   0.27  4.6e-4 1.1e-3   0.27   0.27    0.27   0.27   0.27      6   1.24
sigma[75]   0.68  3.8e-3 6.2e-3   0.68   0.68    0.68   0.69    0.7      3   2.35
sigma[76]   1.97  9.7e-4 2.2e-3   1.97   1.97    1.97   1.98   1.98      5   1.01
sigma[77]   0.17  8.9e-4 1.4e-3   0.17   0.17    0.17   0.17   0.17      3   2.64
sigma[78]   3.25    0.01   0.02   3.22   3.23    3.26   3.27   3.28      3   2.68
sigma[79]   3.82  1.1e-3 4.1e-3   3.81   3.82    3.82   3.82   3.83     13   1.18
sigma[80]   0.08  3.3e-4 6.6e-4   0.08   0.08    0.08   0.08   0.08      4   1.47
sigma[81]   0.04  1.5e-3 3.5e-3   0.03   0.03    0.03   0.04   0.04      5   1.58
sigma[82]   0.66  1.3e-4 2.9e-4   0.66   0.66    0.66   0.66   0.66      5   1.37
b[1,1]      3.01  5.8e-3 9.3e-3    3.0    3.0    3.01   3.02   3.02      3    4.2
b[2,1]      4.42  6.6e-3   0.02   4.39    4.4    4.42   4.43   4.45      7   1.01
b[3,1]    1.6e-4  2.5e-6 5.1e-6 1.5e-4 1.6e-4  1.6e-4 1.7e-4 1.7e-4      4   1.77
b[4,1]      0.03  2.7e-4 4.7e-4   0.03   0.03    0.03   0.03   0.03      3   2.17
b[5,1]      1.52  9.9e-4 3.4e-3   1.51   1.52    1.52   1.52   1.53     12   1.24
b[6,1]      1.64  1.5e-3 3.8e-3   1.63   1.63    1.63   1.64   1.64      7   1.09
b[7,1]      1.12  2.4e-3 5.1e-3   1.11   1.12    1.12   1.12   1.13      5   1.34
b[8,1]      0.32  1.1e-4 3.6e-4   0.32   0.32    0.32   0.32   0.32     10    1.0
b[9,1]      0.18  1.9e-4 3.4e-4   0.18   0.18    0.18   0.18   0.18      3   2.05
b[10,1]     0.73  7.4e-4 1.6e-3   0.73   0.73    0.73   0.73   0.74      5   1.46
b[11,1]     0.28  2.4e-4 5.1e-4   0.28   0.28    0.28   0.28   0.28      4   1.41
b[12,1]     3.86  4.1e-3 8.4e-3   3.85   3.86    3.86   3.87   3.88      4    1.5
b[13,1]     0.34  6.9e-4 1.3e-3   0.34   0.34    0.34   0.34   0.34      4   1.74
b[14,1]     0.24  1.3e-4 2.8e-4   0.24   0.24    0.24   0.24   0.24      5   1.54
b[15,1]     0.25  5.6e-4 9.1e-4   0.25   0.25    0.25   0.25   0.25      3   2.65
b[16,1]     0.01  3.7e-5 7.3e-5   0.01   0.01    0.01   0.01   0.01      4   1.25
b[17,1]     4.15  8.6e-3   0.02   4.12   4.13    4.15   4.16   4.18      4    1.0
b[18,1]     0.46  5.5e-4 1.2e-3   0.45   0.46    0.46   0.46   0.46      4   1.47
b[19,1]     3.36  5.3e-3   0.01   3.33   3.35    3.36   3.37   3.37      5   1.06
b[20,1]     0.23  3.1e-4 7.9e-4   0.23   0.23    0.23   0.23   0.23      6   1.34
b[21,1]     1.22  5.9e-4 1.9e-3   1.22   1.22    1.22   1.22   1.22     10   1.04
b[22,1]     0.15  3.4e-4 5.6e-4   0.15   0.15    0.15   0.15   0.15      3   2.11
b[23,1]     5.19    0.02   0.03   5.15   5.16    5.19   5.21   5.23      3   3.47
b[24,1]     2.62  3.2e-3 5.5e-3   2.61   2.62    2.62   2.63   2.63      3   2.55
b[25,1]     0.37  1.6e-4 3.9e-4   0.37   0.37    0.37   0.37   0.37      6   1.54
b[26,1]     7.43  8.0e-3   0.02   7.39   7.41    7.43   7.44   7.46      6   1.19
b[27,1]     1.84  2.2e-3 4.5e-3   1.83   1.83    1.84   1.84   1.84      4   1.53
b[28,1]     2.27  2.1e-3 5.6e-3   2.25   2.27    2.27   2.27   2.28      7   1.11
b[29,1]     0.14  1.3e-4 2.9e-4   0.14   0.14    0.14   0.14   0.14      5   1.48
b[30,1]   4.0e-5  1.2e-5 2.2e-5 1.7e-5 2.1e-5  3.6e-5 5.0e-5 9.5e-5      3   1.86
b[31,1]     0.03  6.6e-5 1.5e-4   0.03   0.03    0.03   0.03   0.03      5   1.13
b[32,1]     0.76  4.6e-3 8.1e-3   0.74   0.76    0.76   0.77   0.77      3   1.84
b[33,1]     4.56  4.6e-3   0.01   4.54   4.55    4.56   4.57   4.59      8   1.02
b[34,1]     0.14  1.7e-4 3.3e-4   0.14   0.14    0.14   0.14   0.14      4   1.86
b[35,1]     2.18  4.1e-3 8.3e-3   2.16   2.17    2.18   2.18   2.19      4    1.4
b[36,1]     2.62  7.5e-4 2.6e-3   2.61   2.62    2.62   2.62   2.62     12   1.04
b[37,1]     0.54  3.4e-4 5.8e-4   0.54   0.54    0.54   0.54   0.54      3   2.87
b[38,1]     4.55    0.02   0.03   4.51   4.53    4.55   4.58    4.6      3   2.24
b[39,1]     0.09  1.7e-4 3.4e-4   0.09   0.09    0.09   0.09   0.09      4   1.35
b[40,1]     0.09  1.6e-4 3.0e-4   0.09   0.09     0.1    0.1    0.1      4   1.68
b[41,1]     0.38  7.0e-4 1.6e-3   0.38   0.38    0.38   0.38   0.39      5   1.17
b[42,1]     0.24  1.1e-4 3.6e-4   0.24   0.24    0.24   0.24   0.24     11    1.0
b[43,1]      2.2  9.7e-4 2.8e-3   2.19   2.19     2.2    2.2    2.2      8   1.21
b[44,1]     0.28  2.6e-4 7.0e-4   0.28   0.28    0.28   0.28   0.28      7   1.03
b[45,1]     0.36  1.7e-3 3.7e-3   0.36   0.36    0.36   0.37   0.37      5   1.45
b[46,1]   1.7e-5  5.6e-7 9.2e-7 1.5e-5 1.6e-5  1.7e-5 1.8e-5 1.9e-5      3   2.47
b[47,1]     0.26  1.0e-4 3.3e-4   0.26   0.26    0.26   0.26   0.26     10   1.09
b[48,1]     0.39  3.5e-4 6.6e-4   0.38   0.39    0.39   0.39   0.39      4   1.75
b[49,1]      0.3  3.1e-4 5.6e-4    0.3    0.3     0.3    0.3    0.3      3   1.83
b[50,1]     0.06  6.2e-5 1.4e-4   0.06   0.06    0.06   0.06   0.06      5    1.0
b[51,1]     3.79  7.3e-3   0.02   3.76   3.78    3.79    3.8   3.83      5   1.48
b[52,1]     1.31  2.1e-3 5.0e-3    1.3   1.31    1.31   1.31   1.32      6   1.54
b[53,1]     4.66  5.0e-3 9.5e-3   4.65   4.65    4.65   4.67   4.68      4   1.71
b[54,1]     1.57  1.6e-3 3.4e-3   1.56   1.57    1.57   1.57   1.57      4   1.23
b[55,1]     0.16  8.5e-5 2.2e-4   0.16   0.16    0.16   0.16   0.16      7   1.34
b[56,1]     0.66  9.0e-5 3.2e-4   0.66   0.66    0.66   0.66   0.66     13   1.08
b[57,1]     0.32  1.8e-3 3.0e-3   0.32   0.32    0.32   0.33   0.33      3    2.6
b[58,1]   7.5e-5  2.2e-6 4.0e-6 7.1e-5 7.2e-5  7.4e-5 8.0e-5 8.3e-5      3   1.57
b[59,1]     0.03  2.5e-4 5.1e-4   0.02   0.03    0.03   0.03   0.03      4   1.35
b[60,1]     1.05  8.4e-4 2.0e-3   1.04   1.05    1.05   1.05   1.05      6   1.11
b[61,1]      6.0    0.01   0.03   5.96   5.98    5.99   6.01   6.05      4   1.53
b[62,1]     0.27  3.8e-4 7.2e-4   0.27   0.27    0.27   0.27   0.27      4   1.86
b[63,1]     0.06  2.9e-4 6.2e-4   0.06   0.06    0.06   0.06   0.06      4    1.0
b[64,1]     0.44  6.4e-4 1.1e-3   0.43   0.44    0.44   0.44   0.44      3   1.63
b[65,1]   2.1e-5  4.3e-6 8.5e-6 7.6e-6 1.3e-5  2.0e-5 2.8e-5 3.7e-5      4   2.04
b[66,1]     0.19  1.6e-4 4.4e-4   0.19   0.19    0.19   0.19   0.19      8   1.01
b[67,1]     0.34  2.7e-4 6.9e-4   0.33   0.33    0.34   0.34   0.34      7   1.01
b[68,1]     2.34  9.3e-3   0.02   2.32   2.33    2.34   2.35   2.37      3   2.02
b[69,1]     0.02  2.1e-5 4.0e-5   0.02   0.02    0.02   0.02   0.02      4   1.73
b[70,1]     0.28  4.2e-4 7.3e-4   0.28   0.28    0.28   0.28   0.28      3   1.97
b[71,1]      0.9  1.3e-3 2.3e-3   0.89    0.9     0.9    0.9    0.9      3   2.17
b[72,1]     0.13  1.7e-4 3.3e-4   0.13   0.13    0.13   0.13   0.13      4   1.52
b[73,1]     0.85  2.8e-4 8.7e-4   0.85   0.85    0.85   0.85   0.85     10   1.04
b[74,1]     0.34  1.3e-3 2.4e-3   0.34   0.34    0.34   0.34   0.35      3   1.83
b[75,1]     5.67    0.02   0.03    5.6   5.65    5.67    5.7   5.72      3   2.33
b[76,1]      3.2    0.01   0.02   3.18   3.19     3.2   3.23   3.24      2   3.46
b[77,1]   4.1e-6  1.1e-6 2.2e-6 1.6e-6 2.3e-6  3.6e-6 5.5e-6 9.2e-6      4   1.62
b[78,1]     0.34  5.5e-4 1.6e-3   0.34   0.34    0.34   0.34   0.34      8   1.01
b[79,1]     0.14  4.0e-4 1.0e-3   0.13   0.13    0.14   0.14   0.14      7   1.12
b[80,1]   2.0e-4  1.8e-6 5.1e-6 1.9e-4 1.9e-4  2.0e-4 2.0e-4 2.1e-4      9   1.05
b[81,1]   6.5e-4  4.9e-5 8.1e-5 5.1e-4 5.8e-4  6.7e-4 7.2e-4 7.9e-4      3   2.54
b[82,1]     2.58  4.3e-3 7.7e-3   2.57   2.57    2.58   2.58   2.59      3   1.87
b[1,2]    4.0e-5  1.2e-6 1.9e-6 3.7e-5 3.9e-5  4.1e-5 4.2e-5 4.3e-5      3   2.51
b[2,2]    4.8e-5  2.8e-7 7.6e-7 4.7e-5 4.8e-5  4.8e-5 4.9e-5 5.0e-5      7   1.23
b[3,2]    5.9e-3  1.6e-5 3.6e-5 5.9e-3 5.9e-3  5.9e-3 5.9e-3 6.0e-3      5   1.77
b[4,2]      2.15    0.07   0.11   2.02   2.05    2.09   2.25   2.37      3   2.88
b[5,2]    2.7e-4  7.5e-6 1.8e-5 2.4e-4 2.6e-4  2.8e-4 2.9e-4 3.1e-4      6   1.41
b[6,2]    4.1e-5  4.2e-6 8.5e-6 3.0e-5 3.5e-5  3.8e-5 4.5e-5 6.0e-5      4   1.31
b[7,2]    2.2e-3  3.5e-4 6.0e-4 1.5e-3 1.8e-3  2.0e-3 2.8e-3 3.4e-3      3   2.01
b[8,2]      0.04  5.0e-6 2.2e-5   0.04   0.04    0.04   0.04   0.04     19   1.01
b[9,2]      0.05  3.2e-5 7.5e-5   0.05   0.05    0.05   0.05   0.05      6   1.54
b[10,2]     0.42  6.6e-5 1.4e-4   0.42   0.42    0.42   0.42   0.42      4   1.72
b[11,2]     0.12  2.1e-5 1.1e-4   0.12   0.12    0.12   0.12   0.12     25   1.01
b[12,2]     0.09  1.8e-4 4.3e-4   0.09   0.09    0.09    0.1    0.1      6   1.06
b[13,2]     0.06  9.5e-5 2.0e-4   0.06   0.06    0.06   0.06   0.06      4   1.41
b[14,2]     0.02  2.3e-5 5.0e-5   0.02   0.02    0.02   0.02   0.02      5   1.79
b[15,2]     0.03  2.7e-5 7.3e-5   0.03   0.03    0.03   0.03   0.03      7   1.01
b[16,2]   3.2e-3  1.2e-5 2.0e-5 3.1e-3 3.2e-3  3.2e-3 3.2e-3 3.2e-3      3    2.9
b[17,2]      0.6  2.4e-4 5.4e-4    0.6    0.6     0.6    0.6    0.6      5   1.38
b[18,2]   8.6e-3  1.6e-5 3.0e-5 8.5e-3 8.6e-3  8.6e-3 8.6e-3 8.6e-3      3   1.95
b[19,2]     0.41  6.9e-5 2.3e-4   0.41   0.41    0.41   0.41   0.41     12   1.03
b[20,2]     0.07  7.7e-6 3.3e-5   0.07   0.07    0.07   0.07   0.07     19    1.0
b[21,2]   7.0e-3  2.4e-5 5.4e-5 7.0e-3 7.0e-3  7.0e-3 7.1e-3 7.2e-3      5   1.36
b[22,2]      0.3  2.7e-5 7.9e-5    0.3    0.3     0.3    0.3    0.3      9   1.27
b[23,2]   2.1e-5  2.0e-7 5.5e-7 2.0e-5 2.1e-5  2.1e-5 2.2e-5 2.2e-5      7   1.23
b[24,2]     0.37  5.7e-5 2.1e-4   0.37   0.37    0.37   0.37   0.37     14    1.0
b[25,2]   8.1e-3  1.6e-5 4.5e-5 8.1e-3 8.1e-3  8.1e-3 8.2e-3 8.2e-3      8   1.05
b[26,2]   2.0e-5  4.3e-7 1.1e-6 1.7e-5 2.0e-5  2.0e-5 2.1e-5 2.2e-5      7    1.0
b[27,2]   4.6e-5  1.9e-6 5.0e-6 3.6e-5 4.3e-5  4.5e-5 4.9e-5 5.6e-5      7   1.01
b[28,2]     0.05  7.9e-5 1.8e-4   0.05   0.05    0.05   0.05   0.05      5   1.04
b[29,2]   2.2e-3 10.0e-6 2.4e-5 2.2e-3 2.2e-3  2.2e-3 2.2e-3 2.2e-3      6   1.63
b[30,2]     1.37  8.0e-4 2.8e-3   1.36   1.36    1.37   1.37   1.37     13   1.04
b[31,2]   5.8e-3  6.0e-6 1.2e-5 5.7e-3 5.7e-3  5.8e-3 5.8e-3 5.8e-3      4    1.5
b[32,2]     0.05  4.7e-5 8.9e-5   0.05   0.05    0.05   0.05   0.05      4   2.14
b[33,2]     3.85  3.4e-4 1.1e-3   3.85   3.85    3.85   3.85   3.85     10   1.13
b[34,2]   1.9e-3  9.9e-6 2.4e-5 1.8e-3 1.9e-3  1.9e-3 1.9e-3 1.9e-3      6   1.02
b[35,2]   1.9e-5  1.7e-6 3.2e-6 1.3e-5 1.6e-5  1.9e-5 2.1e-5 2.4e-5      4   1.52
b[36,2]     0.19  5.6e-5 1.7e-4   0.19   0.19    0.19   0.19   0.19      9   1.18
b[37,2]     0.01  2.0e-5 4.2e-5   0.01   0.01    0.01   0.01   0.01      4    1.6
b[38,2]   2.9e-5  1.4e-6 4.5e-6 2.1e-5 2.6e-5  2.8e-5 3.1e-5 3.9e-5     10   1.45
b[39,2]      0.1  3.2e-5 7.6e-5    0.1    0.1     0.1    0.1    0.1      6    1.1
b[40,2]   8.5e-4  2.0e-5 3.5e-5 7.8e-4 8.2e-4  8.5e-4 8.8e-4 9.1e-4      3   2.55
b[41,2]     0.02  3.7e-6 1.4e-5   0.02   0.02    0.02   0.02   0.02     13   1.07
b[42,2]     0.11  2.6e-5 7.9e-5   0.11   0.11    0.11   0.11   0.11      9    1.0
b[43,2]   4.6e-5  2.8e-6 5.7e-6 3.8e-5 4.2e-5  4.6e-5 4.9e-5 6.0e-5      4   1.51
b[44,2]   8.2e-3  1.1e-5 1.9e-5 8.2e-3 8.2e-3  8.2e-3 8.3e-3 8.3e-3      3   1.85
b[45,2]     0.16  8.2e-5 1.9e-4   0.16   0.16    0.16   0.16   0.16      5   1.97
b[46,2]     0.02  1.8e-5 3.2e-5   0.02   0.02    0.02   0.02   0.02      3    2.1
b[47,2]     0.02  2.6e-5 4.3e-5   0.02   0.02    0.02   0.02   0.02      3   3.38
b[48,2]     0.02  9.0e-6 2.4e-5   0.02   0.02    0.02   0.02   0.02      7    1.0
b[49,2]      0.4  1.3e-4 3.1e-4    0.4    0.4     0.4    0.4    0.4      5   1.26
b[50,2]   6.8e-4  1.6e-5 5.0e-5 5.4e-4 6.6e-4  6.9e-4 7.2e-4 7.6e-4     10   1.01
b[51,2]   3.7e-3  3.5e-6 6.2e-6 3.7e-3 3.7e-3  3.7e-3 3.7e-3 3.7e-3      3   1.94
b[52,2]   2.1e-4  1.0e-5 1.7e-5 1.8e-4 2.0e-4  2.2e-4 2.3e-4 2.4e-4      3   2.31
b[53,2]     0.01  8.3e-6 2.1e-5   0.01   0.01    0.01   0.01   0.01      7   1.11
b[54,2]   5.3e-6  2.5e-7 4.3e-7 4.4e-6 4.9e-6  5.3e-6 5.6e-6 5.9e-6      3   2.44
b[55,2]   4.3e-6  1.3e-7 4.0e-7 3.6e-6 4.0e-6  4.3e-6 4.6e-6 5.1e-6      9   1.03
b[56,2]   3.8e-3  4.1e-5 7.3e-5 3.7e-3 3.7e-3  3.7e-3 3.8e-3 3.9e-3      3   1.83
b[57,2]     0.38  2.3e-5 9.2e-5   0.38   0.38    0.38   0.38   0.38     16    1.2
b[58,2]   2.2e-5  5.3e-7 8.7e-7 2.0e-5 2.1e-5  2.1e-5 2.2e-5 2.3e-5      3   2.41
b[59,2]   4.8e-4  1.5e-5 3.2e-5 4.2e-4 4.5e-4  4.9e-4 5.1e-4 5.3e-4      5   1.01
b[60,2]   9.1e-3  8.8e-5 1.5e-4 8.9e-3 9.0e-3  9.2e-3 9.3e-3 9.3e-3      3   2.15
b[61,2]     0.08  4.7e-5 8.7e-5   0.08   0.08    0.08   0.08   0.08      3   1.79
b[62,2]     0.29  7.2e-4 2.2e-3   0.29   0.29    0.29   0.29    0.3      9    1.0
b[63,2]     3.36    0.01   0.02   3.32   3.35    3.37   3.38    3.4      3   2.06
b[64,2]     3.98  3.8e-3 9.4e-3   3.97   3.98    3.98   3.99    4.0      6   1.12
b[65,2]   6.8e-5  1.5e-5 2.3e-5 3.5e-5 4.8e-5  6.3e-5 9.2e-5 1.0e-4      3   3.04
b[66,2]   4.4e-5  2.8e-6 5.4e-6 3.4e-5 3.9e-5  4.4e-5 4.8e-5 5.4e-5      4   1.73
b[67,2]   5.9e-3  1.3e-5 2.2e-5 5.9e-3 5.9e-3  5.9e-3 6.0e-3 6.0e-3      3   2.47
b[68,2]     2.68  1.4e-3 3.7e-3   2.67   2.68    2.68   2.68   2.69      7    1.0
b[69,2]   1.3e-5  1.4e-6 2.5e-6 9.7e-6 1.1e-5  1.2e-5 1.5e-5 1.7e-5      3    2.3
b[70,2]     0.29  1.1e-4 2.8e-4   0.29   0.29    0.29   0.29   0.29      7   1.02
b[71,2]   5.7e-5  1.0e-6 2.4e-6 5.4e-5 5.5e-5  5.7e-5 5.9e-5 6.1e-5      5   1.25
b[72,2]     0.01  7.4e-6 1.9e-5   0.01   0.01    0.01   0.01   0.01      7   1.13
b[73,2]   6.2e-3  7.9e-6 2.0e-5 6.2e-3 6.2e-3  6.2e-3 6.2e-3 6.3e-3      7   1.74
b[74,2]   1.1e-4  1.5e-5 2.8e-5 7.0e-5 8.9e-5  1.1e-4 1.4e-4 1.6e-4      4   1.68
b[75,2]      0.1  2.8e-5 7.5e-5    0.1    0.1     0.1    0.1    0.1      7    1.1
b[76,2]   6.4e-4  1.1e-5 4.0e-5 5.7e-4 6.1e-4  6.5e-4 6.8e-4 7.2e-4     13   1.01
b[77,2]   1.0e-6  4.9e-8 1.3e-7 8.2e-7 9.2e-7  9.8e-7 1.1e-6 1.2e-6      6    1.0
b[78,2]     0.06  3.1e-5 6.8e-5   0.06   0.06    0.06   0.06   0.06      5   1.31
b[79,2]   9.2e-3  2.0e-5 4.0e-5 9.1e-3 9.1e-3  9.2e-3 9.2e-3 9.2e-3      4   1.12
b[80,2]   1.3e-4  1.3e-6 4.9e-6 1.2e-4 1.3e-4  1.3e-4 1.3e-4 1.4e-4     14    1.1
b[81,2]   2.1e-5  4.7e-7 8.3e-7 1.9e-5 2.0e-5  2.1e-5 2.1e-5 2.2e-5      3   1.97
b[82,2]   1.0e-4  4.8e-6 8.2e-6 8.7e-5 9.5e-5 10.0e-5 1.1e-4 1.1e-4      3   2.68
b[1,3]      0.27  3.3e-4 6.6e-4   0.27   0.27    0.27   0.27   0.27      4   1.32
b[2,3]      2.32  1.2e-3 4.0e-3   2.32   2.32    2.32   2.33   2.33     10   1.34
b[3,3]      0.22  2.5e-4 4.8e-4   0.22   0.22    0.22   0.22   0.22      4   2.35
b[4,3]    1808.7  113.76 185.89 1444.7 1660.6  1831.9 1975.5 2096.6      3   2.35
b[5,3]      0.56  3.0e-4 7.1e-4   0.56   0.56    0.56   0.56   0.56      5   1.37
b[6,3]      0.67  1.5e-3 2.4e-3   0.66   0.66    0.67   0.67   0.67      3   2.29
b[7,3]      0.23  4.9e-4 9.8e-4   0.22   0.23    0.23   0.23   0.23      4   1.56
b[8,3]       0.7  2.5e-3 4.1e-3   0.69    0.7     0.7    0.7   0.71      3   2.29
b[9,3]     15.27    0.41   0.68  13.99  14.74   15.62  15.82  16.09      3   2.07
b[10,3]     1.31  4.9e-3 8.6e-3   1.29    1.3    1.31   1.31   1.32      3   2.29
b[11,3]     1.21  2.5e-3 4.5e-3    1.2   1.21    1.21   1.21   1.21      3   2.23
b[12,3]     5.16  3.0e-3 6.7e-3   5.15   5.16    5.16   5.17   5.17      5    1.3
b[13,3]     0.69  4.1e-4 1.1e-3   0.68   0.68    0.69   0.69   0.69      7   1.22
b[14,3]     0.14  1.3e-4 4.5e-4   0.14   0.14    0.14   0.14   0.14     12   1.13
b[15,3]     0.69  2.6e-4 8.6e-4   0.69   0.69    0.69   0.69   0.69     10   1.23
b[16,3]      2.7    0.02   0.03   2.65   2.68     2.7   2.72   2.74      3   2.31
b[17,3]     0.29  2.9e-4 6.9e-4   0.29   0.29    0.29   0.29   0.29      6   1.37
b[18,3]     0.51  1.2e-3 2.5e-3   0.51   0.51    0.51   0.51   0.52      4   1.33
b[19,3]     4.63  5.2e-3 9.0e-3   4.61   4.62    4.63   4.64   4.65      3   2.37
b[20,3]     2.36  9.2e-4 2.9e-3   2.35   2.36    2.36   2.36   2.36     10   1.03
b[21,3]     0.22  2.8e-4 6.9e-4   0.22   0.22    0.22   0.22   0.22      6   1.61
b[22,3]     3.47  3.2e-3 7.2e-3   3.45   3.46    3.46   3.47   3.48      5   1.35
b[23,3]     1.94  1.2e-3 5.0e-3   1.93   1.93    1.94   1.94   1.95     18   1.14
b[24,3]     2.22  2.5e-3 5.5e-3   2.21   2.21    2.22   2.22   2.23      5   1.21
b[25,3]     4.58    0.02   0.04   4.52   4.56    4.57   4.63   4.65      3   2.26
b[26,3]      2.2  3.9e-3 6.5e-3   2.19   2.19     2.2    2.2   2.21      3   2.25
b[27,3]     1.67  2.1e-3 4.2e-3   1.67   1.67    1.67   1.68   1.68      4   1.56
b[28,3]     0.24  7.6e-4 1.3e-3   0.24   0.24    0.24   0.24   0.24      3   1.95
b[29,3]     0.16  6.6e-5 2.1e-4   0.16   0.16    0.16   0.16   0.16     10    1.0
b[30,3]     0.96  1.7e-3 3.3e-3   0.95   0.96    0.96   0.96   0.97      4   1.52
b[31,3]      0.8  1.1e-3 1.9e-3   0.79   0.79     0.8    0.8    0.8      3   2.14
b[32,3]     1.08  1.9e-3 3.6e-3   1.07   1.07    1.07   1.08   1.08      3   1.63
b[33,3]     4.36  9.0e-3   0.02   4.34   4.35    4.36   4.37   4.39      3   2.17
b[34,3]    15.79    0.03   0.07  15.67  15.73    15.8  15.84  15.91      5   1.82
b[35,3]     0.93  6.0e-3 9.4e-3   0.92   0.92    0.93   0.94   0.94      2   2.56
b[36,3]     0.24  6.9e-4 1.2e-3   0.24   0.24    0.24   0.24   0.24      3   2.29
b[37,3]     1.04  5.3e-3 9.9e-3   1.03   1.03    1.04   1.05   1.06      4   1.76
b[38,3]     0.72  1.4e-3 3.8e-3   0.71   0.71    0.72   0.72   0.72      7    1.3
b[39,3]     0.55  9.8e-4 2.5e-3   0.55   0.55    0.55   0.56   0.56      6   1.02
b[40,3]     0.69  2.6e-3 5.6e-3   0.69   0.69    0.69    0.7   0.71      5   1.62
b[41,3]     0.38  8.0e-4 1.6e-3   0.38   0.38    0.38   0.38   0.38      4   2.04
b[42,3]     2.28  7.2e-3   0.01   2.26   2.27    2.28   2.29    2.3      3   2.66
b[43,3]     6.01  9.5e-3   0.02   5.96    6.0    6.01   6.02   6.06      5   1.81
b[44,3]     0.39  2.3e-4 8.6e-4   0.39   0.39    0.39   0.39   0.39     14   1.08
b[45,3]     5.98  5.2e-3   0.01   5.96   5.97    5.98   5.99    6.0      5   1.64
b[46,3]   1.6e-4  1.1e-5 1.9e-5 1.4e-4 1.4e-4  1.5e-4 1.8e-4 1.9e-4      3   2.18
b[47,3]     5.06    0.01   0.02   5.04   5.04    5.06   5.08   5.09      2   3.29
b[48,3]     0.82  4.5e-4 1.1e-3   0.82   0.82    0.82   0.82   0.82      6   1.03
b[49,3]     0.79  1.7e-3 3.3e-3   0.79   0.79    0.79    0.8    0.8      4   1.74
b[50,3]     0.03  1.2e-3 2.1e-3   0.02   0.03    0.03   0.03   0.03      3   2.19
b[51,3]      0.4  4.3e-4 1.4e-3    0.4    0.4     0.4    0.4   0.41     10   1.22
b[52,3]     1.89  8.6e-4 2.2e-3   1.89   1.89    1.89   1.89   1.89      7   1.66
b[53,3]     0.04  1.1e-3 2.3e-3   0.03   0.04    0.04   0.04   0.04      4   1.31
b[54,3]     3.33  3.0e-3 7.9e-3   3.31   3.32    3.33   3.34   3.34      7   1.01
b[55,3]   2.8e-4  7.0e-5 1.3e-4 1.1e-4 1.8e-4  2.5e-4 3.8e-4 5.7e-4      4   1.71
b[56,3]      0.2  1.6e-4 3.7e-4    0.2    0.2     0.2    0.2    0.2      5   1.14
b[57,3]     0.41  1.3e-3 2.6e-3   0.41   0.41    0.41   0.41   0.41      4   1.34
b[58,3]     1.12  1.9e-3 4.1e-3   1.11   1.12    1.12   1.12   1.13      5   1.07
b[59,3]     0.24  9.3e-4 1.5e-3   0.24   0.24    0.24   0.24   0.24      3   2.33
b[60,3]     0.25  8.5e-5 3.0e-4   0.25   0.25    0.25   0.25   0.25     13   1.01
b[61,3]      0.5  4.5e-4 1.3e-3    0.5    0.5     0.5    0.5    0.5      8   1.13
b[62,3]     0.25  5.0e-4 9.9e-4   0.25   0.25    0.25   0.25   0.25      4   1.45
b[63,3]     0.74  6.9e-4 1.6e-3   0.74   0.74    0.74   0.74   0.74      5   1.08
b[64,3]     0.49  4.4e-4 1.1e-3   0.49   0.49    0.49   0.49   0.49      7   1.23
b[65,3]     0.22  3.3e-4 7.7e-4   0.22   0.22    0.22   0.22   0.23      6   1.51
b[66,3]     0.22  2.7e-4 6.3e-4   0.22   0.22    0.22   0.22   0.22      6   1.07
b[67,3]     0.28  1.1e-3 2.0e-3   0.28   0.28    0.28   0.28   0.29      3   1.73
b[68,3]     1.31    0.01   0.02   1.26   1.29    1.31   1.34   1.35      4   1.72
b[69,3]     0.23  5.1e-4 9.9e-4   0.23   0.23    0.23   0.23   0.23      4   1.94
b[70,3]     6.41  9.2e-3   0.02   6.38    6.4    6.42   6.42   6.45      4   1.73
b[71,3]     0.21  5.9e-4 9.2e-4   0.21   0.21    0.21   0.21   0.21      2   2.94
b[72,3]     0.19  1.7e-4 4.5e-4   0.19   0.19    0.19   0.19   0.19      7    1.2
b[73,3]     2.32  2.2e-3 7.0e-3   2.31   2.32    2.33   2.33   2.33     10   1.16
b[74,3]     0.02  7.5e-5 2.3e-4   0.02   0.02    0.02   0.02   0.02     10   1.19
b[75,3]     0.19  2.6e-4 7.1e-4   0.19   0.19    0.19   0.19   0.19      7    1.1
b[76,3]     0.59  3.2e-3 5.2e-3   0.58   0.58    0.59   0.59   0.59      3   2.35
b[77,3]      0.2  2.6e-4 5.4e-4    0.2    0.2     0.2    0.2    0.2      4   1.36
b[78,3]     0.17  9.2e-4 1.6e-3   0.17   0.17    0.17   0.17   0.17      3   2.11
b[79,3]     3.49  4.0e-3 6.8e-3   3.48   3.48    3.49   3.49    3.5      3   2.29
b[80,3]     0.23  8.3e-4 1.5e-3   0.22   0.22    0.23   0.23   0.23      3   1.93
b[81,3]     4.49  4.6e-3 9.7e-3   4.48   4.48    4.49    4.5   4.51      4   1.44
b[82,3]     1.42  2.6e-3 6.7e-3   1.41   1.42    1.42   1.43   1.44      7   1.28
b[1,4]       5.2    0.01   0.02   5.16   5.19    5.21   5.22   5.23      4   1.29
b[2,4]      4.63  4.9e-3 9.0e-3   4.61   4.63    4.63   4.64   4.65      3   1.98
b[3,4]      5.09  7.0e-3   0.01   5.07   5.08    5.09    5.1   5.11      3   2.36
b[4,4]      0.19  3.4e-4 5.8e-4   0.19   0.19    0.19   0.19   0.19      3    1.9
b[5,4]      0.42  2.6e-4 1.1e-3   0.42   0.42    0.42   0.42   0.42     17   1.05
b[6,4]      0.17  3.2e-4 8.0e-4   0.17   0.17    0.17   0.17   0.17      6   1.14
b[7,4]      4.34    0.04   0.06   4.24   4.29    4.34    4.4   4.43      3   2.54
b[8,4]      0.98  2.5e-3 6.4e-3   0.97   0.98    0.98   0.98   0.99      6   1.16
b[9,4]      5.09  9.1e-3   0.02   5.06   5.08    5.09    5.1   5.12      3   1.91
b[10,4]      6.1  2.6e-3 5.7e-3   6.09   6.09     6.1    6.1   6.11      5   2.06
b[11,4]     2.75  6.2e-3   0.01   2.73   2.74    2.76   2.76   2.77      3    2.0
b[12,4]     0.38  6.3e-4 1.2e-3   0.38   0.38    0.38   0.38   0.38      3   1.57
b[13,4]     0.26  1.1e-4 3.4e-4   0.26   0.26    0.26   0.26   0.26      9   1.04
b[14,4]     0.97  1.3e-3 3.0e-3   0.97   0.97    0.97   0.98   0.98      5   1.84
b[15,4]     0.43  1.5e-3 2.5e-3   0.43   0.43    0.43   0.43   0.43      3   2.27
b[16,4]     0.91  3.3e-3 5.5e-3   0.89    0.9    0.91   0.91   0.92      3   2.31
b[17,4]     0.18  5.6e-4 9.7e-4   0.17   0.17    0.18   0.18   0.18      3   2.08
b[18,4]     1.34  2.4e-3 5.8e-3   1.32   1.34    1.34   1.34   1.35      6    1.3
b[19,4]     1.28  1.8e-3 5.1e-3   1.27   1.28    1.28   1.29   1.29      8   1.29
b[20,4]      0.4  4.4e-4 7.9e-4    0.4    0.4     0.4    0.4    0.4      3   1.91
b[21,4]     0.31  5.0e-4 1.1e-3   0.31   0.31    0.31   0.32   0.32      5   1.37
b[22,4]     3.82  5.6e-3   0.01    3.8   3.81    3.82   3.83   3.84      4   1.64
b[23,4]     0.73  2.7e-3 4.3e-3   0.72   0.72    0.73   0.73   0.73      2   3.34
b[24,4]     2.26  1.4e-3 4.9e-3   2.26   2.26    2.26   2.27   2.27     12   1.02
b[25,4]     0.47  1.1e-3 2.4e-3   0.46   0.46    0.47   0.47   0.47      5   2.01
b[26,4]     0.27  1.0e-3 3.2e-3   0.26   0.27    0.27   0.27   0.28     10   1.02
b[27,4]     0.24  2.6e-4 5.3e-4   0.24   0.24    0.24   0.24   0.24      4   1.63
b[28,4]      0.5  3.8e-4 8.3e-4    0.5    0.5     0.5    0.5    0.5      5   1.34
b[29,4]     2.89  6.2e-3   0.01   2.87   2.88    2.88    2.9   2.91      3   2.16
b[30,4]   8.0e-3  5.0e-6 1.4e-5 7.9e-3 8.0e-3  8.0e-3 8.0e-3 8.0e-3      8    1.0
b[31,4]     0.35  3.7e-4 8.3e-4   0.34   0.35    0.35   0.35   0.35      5    1.5
b[32,4]     0.16  3.5e-5 1.2e-4   0.16   0.16    0.16   0.16   0.16     12   1.08
b[33,4]     2.03  1.3e-3 2.9e-3   2.02   2.02    2.03   2.03   2.03      5   1.89
b[34,4]     1.66  4.1e-3 7.7e-3   1.65   1.65    1.66   1.67   1.67      4   2.34
b[35,4]     3.25  8.1e-3   0.02   3.21   3.23    3.25   3.26   3.27      5    1.3
b[36,4]     1.02  1.4e-3 2.4e-3   1.02   1.02    1.02   1.03   1.03      3    1.7
b[37,4]     0.44  2.4e-4 8.1e-4   0.44   0.44    0.44   0.44   0.44     12   1.13
b[38,4]     0.99  3.4e-4 1.1e-3   0.99   0.99    0.99   0.99   0.99     11   1.27
b[39,4]     1.03  1.4e-3 3.4e-3   1.02   1.03    1.03   1.03   1.04      6   1.19
b[40,4]     0.39  8.2e-4 2.0e-3   0.38   0.38    0.39   0.39   0.39      6   1.05
b[41,4]     0.31  2.0e-4 4.7e-4   0.31   0.31    0.31   0.31   0.31      5   1.18
b[42,4]     3.01  2.4e-3 7.4e-3   2.99    3.0    3.01   3.01   3.02     10   1.02
b[43,4]     4.44  4.4e-3   0.01   4.42   4.43    4.44   4.45   4.46      6   1.14
b[44,4]     1.52  2.8e-3 4.5e-3   1.51   1.51    1.52   1.52   1.52      3   2.92
b[45,4]      6.1  8.2e-3   0.01   6.07   6.08    6.09   6.11   6.12      3   2.18
b[46,4]     0.48  2.9e-4 9.9e-4   0.48   0.48    0.48   0.48   0.49     12   1.01
b[47,4]     0.32  1.9e-3 3.5e-3   0.31   0.32    0.32   0.32   0.33      3   1.71
b[48,4]     2.22  3.3e-3 6.9e-3   2.21   2.21    2.22   2.22   2.23      4   1.08
b[49,4]     0.17  6.0e-5 2.3e-4   0.17   0.17    0.17   0.17   0.17     15    1.0
b[50,4]     3.63  3.0e-3 7.4e-3   3.62   3.63    3.63   3.64   3.64      6   1.12
b[51,4]      0.4  3.0e-3 7.5e-3   0.38   0.39     0.4    0.4   0.41      6   1.08
b[52,4]     0.34  3.1e-3 6.1e-3   0.33   0.34    0.34   0.35   0.35      4   1.22
b[53,4]     1.37  3.9e-3 7.4e-3   1.36   1.37    1.38   1.38   1.39      4   1.98
b[54,4]     0.39  2.5e-4 7.7e-4   0.39   0.39    0.39   0.39    0.4      9   1.05
b[55,4]     0.34  1.7e-3 3.0e-3   0.33   0.33    0.34   0.34   0.34      3   1.83
b[56,4]     0.16  2.6e-4 6.6e-4   0.16   0.16    0.16   0.16   0.16      6   1.01
b[57,4]     0.64  8.5e-4 1.5e-3   0.64   0.64    0.64   0.65   0.65      3   2.02
b[58,4]     1.25  7.6e-3   0.02    1.2   1.24    1.25   1.26   1.27      5   1.48
b[59,4]     3.59  4.4e-3   0.01   3.57   3.58    3.59    3.6   3.61      8   1.05
b[60,4]     1.49  3.9e-3 7.1e-3   1.48   1.48    1.49    1.5    1.5      3   1.72
b[61,4]     3.23  2.0e-3 6.2e-3   3.22   3.23    3.23   3.23   3.24     10   1.07
b[62,4]     0.27  4.3e-4 8.5e-4   0.26   0.27    0.27   0.27   0.27      4   1.46
b[63,4]     2.63  8.3e-3   0.01   2.61   2.62    2.64   2.65   2.65      3   2.52
b[64,4]     1.28  5.9e-4 1.5e-3   1.27   1.28    1.28   1.28   1.28      6   1.26
b[65,4]     1.34  8.6e-3   0.02   1.31   1.33    1.35   1.35   1.36      3    1.7
b[66,4]     0.16  1.5e-4 3.3e-4   0.16   0.16    0.16   0.16   0.16      5   1.11
b[67,4]     0.17  1.5e-4 4.0e-4   0.17   0.17    0.17   0.17   0.17      7   1.06
b[68,4]     1.65    0.03   0.04   1.57   1.61    1.67   1.68    1.7      3   2.14
b[69,4]     4.46  8.1e-3   0.02   4.43   4.44    4.46   4.47   4.49      4   1.31
b[70,4]     3.69    0.01   0.02   3.64   3.67    3.69    3.7   3.72      4   1.69
b[71,4]     0.34  3.4e-4 1.0e-3   0.34   0.34    0.34   0.34   0.34      9   1.01
b[72,4]     5.22    0.02   0.03   5.17   5.19    5.23   5.25   5.26      3    1.9
b[73,4]     1.91  5.3e-3 8.3e-3   1.89    1.9    1.91   1.91   1.92      2   3.14
b[74,4]     0.12  2.9e-5 6.6e-5   0.12   0.12    0.12   0.12   0.12      5    1.8
b[75,4]     2.43    0.02   0.03   2.39    2.4    2.42   2.45   2.47      3   2.36
b[76,4]     0.21  7.0e-4 1.2e-3   0.21   0.21    0.21   0.21   0.21      3   1.96
b[77,4]     0.18  1.2e-4 3.2e-4   0.18   0.18    0.18   0.18   0.18      8    1.2
b[78,4]     1.44  2.3e-3 4.4e-3   1.44   1.44    1.44   1.45   1.45      4   1.76
b[79,4]     5.22  3.4e-3 9.0e-3   5.21   5.22    5.22   5.23   5.24      7   1.02
b[80,4]     1.42  2.5e-3 4.4e-3   1.41   1.41    1.42   1.42   1.43      3   2.09
b[81,4]     1.87  2.1e-3 4.7e-3   1.86   1.87    1.87   1.88   1.88      5   1.33
b[82,4]     3.54    0.01   0.02   3.48   3.53    3.55   3.55   3.56      3   1.78
b[1,5]      0.68  1.0e-3 2.4e-3   0.68   0.68    0.68   0.68   0.68      5   1.04
b[2,5]      0.18  4.7e-4 8.5e-4   0.18   0.18    0.18   0.18   0.18      3   2.05
b[3,5]      0.37  7.7e-4 1.5e-3   0.37   0.37    0.37   0.37   0.38      4   1.01
b[4,5]      1.98  3.4e-3 5.9e-3   1.97   1.98    1.98   1.99   1.99      3   2.03
b[5,5]      0.46  2.0e-3 3.4e-3   0.46   0.46    0.46   0.47   0.47      3   2.12
b[6,5]      1.62  3.4e-3 6.1e-3    1.6   1.61    1.62   1.62   1.63      3   2.11
b[7,5]      2.06  8.6e-3   0.02   2.02   2.04    2.07   2.07   2.08      6   1.07
b[8,5]      1.86  3.8e-3 6.9e-3   1.85   1.86    1.86   1.86   1.88      3    2.0
b[9,5]      0.58  1.8e-3 3.3e-3   0.57   0.58    0.58   0.58   0.59      3   1.58
b[10,5]     0.37  1.4e-3 2.8e-3   0.37   0.37    0.37   0.37   0.38      4   1.69
b[11,5]      3.3  9.5e-3   0.02   3.25   3.28    3.31   3.32   3.33      5   1.29
b[12,5]     0.27  5.9e-4 1.2e-3   0.26   0.27    0.27   0.27   0.27      4   1.48
b[13,5]     2.65    0.01   0.02   2.63   2.63    2.65   2.68   2.69      2   4.02
b[14,5]     4.07    0.01   0.03   3.99   4.05    4.07   4.09   4.11      6   1.18
b[15,5]      2.3  1.3e-3 3.8e-3   2.29    2.3     2.3    2.3   2.31      9   1.02
b[16,5]     0.63  1.7e-4 7.7e-4   0.62   0.62    0.63   0.63   0.63     21    1.0
b[17,5]     0.13  8.1e-5 2.4e-4   0.13   0.13    0.13   0.13   0.13      9   1.18
b[18,5]     0.17  8.1e-4 1.5e-3   0.16   0.16    0.17   0.17   0.17      3   2.22
b[19,5]      2.6  9.7e-3   0.02   2.56   2.58    2.59   2.61   2.63      4   1.04
b[20,5]     0.34  1.3e-3 2.2e-3   0.34   0.34    0.34   0.35   0.35      3   2.54
b[21,5]     2.28  9.9e-3   0.02   2.25   2.26    2.27   2.29   2.31      3   1.65
b[22,5]     1.56  9.3e-4 2.8e-3   1.56   1.56    1.56   1.57   1.57      9   1.01
b[23,5]     2.36  8.9e-3   0.01   2.34   2.35    2.36   2.38   2.38      3   2.91
b[24,5]     0.63  3.0e-3 7.5e-3   0.62   0.62    0.63   0.64   0.65      6   1.04
b[25,5]     1.73  4.1e-3 7.3e-3   1.72   1.73    1.73   1.74   1.75      3   1.56
b[26,5]   7.2e-5  5.1e-6 1.3e-5 4.6e-5 6.4e-5  7.3e-5 8.1e-5 9.6e-5      6   1.01
b[27,5]     4.39    0.02   0.03   4.33   4.36     4.4   4.42   4.44      2   2.66
b[28,5]     1.13  7.6e-4 1.9e-3   1.12   1.13    1.13   1.13   1.13      7   1.02
b[29,5]     5.34    0.08   0.13   5.16    5.2    5.34   5.43   5.58      3   2.57
b[30,5]   2.3e-4  4.0e-6 7.6e-6 2.2e-4 2.2e-4  2.2e-4 2.3e-4 2.4e-4      4    1.4
b[31,5]     0.78  6.8e-4 1.6e-3   0.77   0.78    0.78   0.78   0.78      6   1.34
b[32,5]     4.64    0.01   0.03   4.58   4.61    4.64   4.66   4.67      4   1.51
b[33,5]     0.28  9.8e-4 1.8e-3   0.28   0.28    0.28   0.28   0.28      3    2.5
b[34,5]     4.89    0.01   0.02   4.85   4.87    4.89    4.9   4.93      5    1.1
b[35,5]     0.56  4.5e-4 1.2e-3   0.56   0.56    0.56   0.56   0.57      7   1.29
b[36,5]     0.15  1.5e-4 2.5e-4   0.15   0.15    0.15   0.15   0.15      3   2.77
b[37,5]     0.87  6.9e-4 1.5e-3   0.87   0.87    0.87   0.87   0.88      5    1.5
b[38,5]     0.14  6.6e-5 2.4e-4   0.14   0.14    0.14   0.14   0.14     14   1.04
b[39,5]     1.17  8.5e-4 2.2e-3   1.16   1.17    1.17   1.17   1.17      7   1.07
b[40,5]      0.9  3.3e-3 7.4e-3   0.89    0.9     0.9   0.91   0.92      5   1.11
b[41,5]     0.33  3.5e-3   0.01   0.31   0.32    0.33   0.34   0.35      9   1.04
b[42,5]     0.88  3.4e-3 5.5e-3   0.87   0.88    0.88   0.88   0.89      3   2.42
b[43,5]   4.6e-4  4.1e-6 7.7e-6 4.5e-4 4.5e-4  4.5e-4 4.6e-4 4.7e-4      4   1.68
b[44,5]     0.22  6.7e-4 1.9e-3   0.22   0.22    0.22   0.23   0.23      8   1.03
b[45,5]     0.28  6.7e-4 1.2e-3   0.28   0.28    0.28   0.28   0.28      3   1.51
b[46,5]     3.67  5.1e-3   0.01   3.65   3.66    3.66   3.68   3.69      6   1.52
b[47,5]     1.13  1.8e-3 3.0e-3   1.12   1.12    1.13   1.13   1.13      3   3.21
b[48,5]     4.63  2.2e-3 5.8e-3   4.62   4.63    4.63   4.64   4.64      7   1.26
b[49,5]     0.17  8.9e-4 1.7e-3   0.17   0.17    0.17   0.17   0.17      4   1.64
b[50,5]     3.93    0.01   0.02    3.9   3.91    3.93   3.95   3.98      4   1.29
b[51,5]     0.92  2.3e-3 5.6e-3   0.91   0.92    0.93   0.93   0.94      6   1.26
b[52,5]     0.24  5.0e-4 1.1e-3   0.24   0.24    0.24   0.24   0.24      5   1.02
b[53,5]     0.54  9.2e-5 3.2e-4   0.54   0.54    0.54   0.54   0.54     12   1.06
b[54,5]     0.99  9.6e-4 1.6e-3   0.99   0.99    0.99   0.99   0.99      3   2.75
b[55,5]     1.02  3.4e-4 1.3e-3   1.02   1.02    1.02   1.02   1.02     15   1.18
b[56,5]     1.36  2.9e-3 4.7e-3   1.35   1.35    1.36   1.36   1.37      3   2.68
b[57,5]     0.61  4.2e-4 1.0e-3   0.61   0.61    0.61   0.61   0.61      6   1.11
b[58,5]     1.93  4.4e-4 1.5e-3   1.92   1.93    1.93   1.93   1.93     12   1.01
b[59,5]     0.67  1.4e-3 3.1e-3   0.66   0.66    0.67   0.67   0.67      5   1.15
b[60,5]     0.24  3.9e-4 7.3e-4   0.24   0.24    0.24   0.25   0.25      4   1.96
b[61,5]      0.2  4.9e-4 7.6e-4   0.19   0.19     0.2    0.2    0.2      2   3.39
b[62,5]      0.4  1.8e-3 5.2e-3   0.39    0.4     0.4   0.41   0.41      9    1.3
b[63,5]      0.2  2.9e-4 6.9e-4    0.2    0.2     0.2    0.2    0.2      5   1.03
b[64,5]     1.36  3.7e-3 6.5e-3   1.35   1.36    1.36   1.37   1.38      3   2.43
b[65,5]     1.72  1.4e-3 2.8e-3   1.72   1.72    1.72   1.72   1.73      4   1.96
b[66,5]     3.66    0.01   0.02   3.62   3.64    3.67   3.67   3.68      3   2.11
b[67,5]      3.6  4.8e-3   0.02   3.57   3.59     3.6   3.61   3.63     12   1.15
b[68,5]     3.54  2.9e-3 5.8e-3   3.53   3.54    3.54   3.54   3.55      4   1.59
b[69,5]     0.51  1.5e-3 4.1e-3    0.5   0.51    0.51   0.51   0.52      8   1.03
b[70,5]     3.18  2.3e-3 5.3e-3   3.17   3.18    3.18   3.19   3.19      5   1.19
b[71,5]     2.31  2.7e-3 6.8e-3    2.3    2.3    2.31   2.31   2.32      7   1.09
b[72,5]     2.16  4.9e-3 9.0e-3   2.15   2.15    2.16   2.16   2.18      3   1.74
b[73,5]     0.25  2.7e-4 4.9e-4   0.25   0.25    0.25   0.25   0.25      3   2.35
b[74,5]     0.51  8.1e-4 1.7e-3   0.51   0.51    0.51   0.51   0.51      4   1.54
b[75,5]     1.57  1.4e-3 4.7e-3   1.56   1.56    1.57   1.57   1.58     11    1.0
b[76,5]     0.23  1.3e-3 2.3e-3   0.23   0.23    0.23   0.23   0.23      3   2.29
b[77,5]     0.01  1.7e-5 3.5e-5   0.01   0.01    0.01   0.01   0.01      4    1.6
b[78,5]     0.62  1.2e-3 2.3e-3   0.61   0.62    0.62   0.62   0.62      3   1.79
b[79,5]      0.3  4.7e-4 9.9e-4    0.3    0.3     0.3    0.3    0.3      4   1.03
b[80,5]     0.45  3.1e-4 9.8e-4   0.45   0.45    0.45   0.45   0.45     10   1.08
b[81,5]     0.19  1.5e-4 3.6e-4   0.19   0.19    0.19   0.19   0.19      5    1.6
b[82,5]     0.28  4.5e-4 9.2e-4   0.28   0.28    0.28   0.28   0.28      4   1.36
b[1,6]      0.49  1.3e-3 2.4e-3   0.49   0.49    0.49   0.49   0.49      3   2.48
b[2,6]    1.6e-5  1.8e-7 4.4e-7 1.5e-5 1.6e-5  1.6e-5 1.7e-5 1.7e-5      6   1.13
b[3,6]    3.8e-5  8.2e-7 1.9e-6 3.5e-5 3.7e-5  3.8e-5 3.9e-5 4.2e-5      5   1.01
b[4,6]      0.04  1.5e-5 4.7e-5   0.04   0.04    0.04   0.04   0.04      9   1.26
b[5,6]    4.6e-5  3.5e-6 7.9e-6 3.0e-5 4.1e-5  4.6e-5 5.2e-5 5.9e-5      5   1.27
b[6,6]    4.5e-5  1.1e-6 1.9e-6 4.2e-5 4.3e-5  4.6e-5 4.6e-5 4.8e-5      3    2.1
b[7,6]      0.34  2.5e-4 4.3e-4   0.34   0.34    0.34   0.34   0.34      3   1.76
b[8,6]      0.48  2.5e-3 4.2e-3   0.48   0.48    0.48   0.49   0.49      3    2.1
b[9,6]    4.7e-6  1.1e-7 4.1e-7 4.1e-6 4.5e-6  4.7e-6 5.0e-6 5.7e-6     13    1.0
b[10,6]     0.05  1.5e-5 4.9e-5   0.05   0.05    0.05   0.05   0.05     10   1.08
b[11,6]     0.29  6.6e-5 1.2e-4   0.29   0.29    0.29   0.29   0.29      3   2.02
b[12,6]     2.26  1.3e-3 2.4e-3   2.26   2.26    2.26   2.27   2.27      4   1.95
b[13,6]     0.03  3.6e-5 7.2e-5   0.03   0.03    0.03   0.03   0.03      4    2.1
b[14,6]     0.07  9.3e-6 3.4e-5   0.07   0.07    0.07   0.07   0.07     14   1.12
b[15,6]     0.59  5.9e-5 2.0e-4   0.59   0.59    0.59   0.59   0.59     11    1.1
b[16,6]   1.9e-3  4.2e-6 8.5e-6 1.9e-3 1.9e-3  1.9e-3 1.9e-3 1.9e-3      4   1.47
b[17,6]     0.43  1.4e-3 2.6e-3   0.43   0.43    0.43   0.43   0.43      3   2.11
b[18,6]   2.7e-5 10.0e-7 1.8e-6 2.4e-5 2.5e-5  2.6e-5 2.9e-5 3.0e-5      3   1.71
b[19,6]     1.71  4.2e-3 7.5e-3    1.7    1.7    1.71   1.71   1.72      3   2.78
b[20,6]      0.1  2.8e-5 5.7e-5    0.1    0.1     0.1    0.1    0.1      4   1.68
b[21,6]     0.37  1.1e-5 5.4e-5   0.37   0.37    0.37   0.37   0.37     25    1.0
b[22,6]     0.06  1.1e-5 3.3e-5   0.06   0.06    0.06   0.06   0.06      9   1.14
b[23,6]   6.9e-6  6.2e-8 1.8e-7 6.5e-6 6.8e-6  7.0e-6 7.1e-6 7.3e-6      8   1.27
b[24,6]     0.12  7.7e-6 4.0e-5   0.12   0.12    0.12   0.12   0.12     27    1.0
b[25,6]     0.18  5.9e-4 1.5e-3   0.18   0.18    0.18   0.18   0.18      7   1.12
b[26,6]   6.0e-7  8.4e-9 3.0e-8 5.4e-7 5.8e-7  6.0e-7 6.2e-7 6.7e-7     12    1.0
b[27,6]   4.9e-5  2.9e-6 4.6e-6 4.2e-5 4.5e-5  4.9e-5 5.3e-5 5.7e-5      3   2.44
b[28,6]     1.15  6.7e-5 2.2e-4   1.15   1.15    1.15   1.15   1.15     11    1.0
b[29,6]     0.05  1.1e-5 3.2e-5   0.05   0.05    0.05   0.05   0.05      8   1.26
b[30,6]     0.15  3.1e-4 8.7e-4   0.15   0.15    0.15   0.15   0.15      8   1.14
b[31,6]     0.07  1.6e-5 6.5e-5   0.07   0.07    0.07   0.07   0.07     17   1.12
b[32,6]     5.07  4.1e-3   0.01   5.05   5.06    5.07   5.08   5.09      7   1.29
b[33,6]     1.06  2.1e-3 3.4e-3   1.05   1.05    1.06   1.06   1.06      3   2.84
b[34,6]     0.05  5.1e-5 1.2e-4   0.05   0.05    0.05   0.05   0.05      5   1.24
b[35,6]     0.01  2.2e-6 9.0e-6   0.01   0.01    0.01   0.01   0.01     16    1.0
b[36,6]     0.04  3.0e-6 1.3e-5   0.04   0.04    0.04   0.04   0.04     19   1.01
b[37,6]   5.0e-3  4.1e-5 8.7e-5 4.8e-3 4.9e-3  5.0e-3 5.1e-3 5.2e-3      4   1.59
b[38,6]     0.22  2.8e-4 4.8e-4   0.22   0.22    0.22   0.22   0.22      3   2.43
b[39,6]     0.16  2.7e-4 4.6e-4   0.16   0.16    0.16   0.16   0.16      3   2.84
b[40,6]   9.0e-6  3.2e-8 1.1e-7 8.8e-6 8.9e-6  9.0e-6 9.1e-6 9.2e-6     12   1.03
b[41,6]     0.02  3.5e-6 9.8e-6   0.02   0.02    0.02   0.02   0.02      8   1.09
b[42,6]     0.31  4.7e-4 9.4e-4   0.31   0.31    0.31   0.31   0.31      4   1.22
b[43,6]   6.0e-5  1.4e-6 4.0e-6 5.4e-5 5.7e-5  5.9e-5 6.3e-5 6.9e-5      8   1.05
b[44,6]     0.02  1.2e-5 2.5e-5   0.02   0.02    0.02   0.02   0.02      4   1.62
b[45,6]     0.28  6.7e-4 1.4e-3   0.27   0.28    0.28   0.28   0.28      5   1.36
b[46,6]   4.7e-6  3.1e-8 7.2e-8 4.6e-6 4.7e-6  4.7e-6 4.8e-6 4.9e-6      5   1.06
b[47,6]     0.08  8.9e-5 1.4e-4   0.07   0.07    0.08   0.08   0.08      2   3.24
b[48,6]   9.3e-4  5.6e-7 1.7e-6 9.3e-4 9.3e-4  9.3e-4 9.4e-4 9.4e-4      9   1.18
b[49,6]     0.61  1.7e-4 3.8e-4   0.61   0.61    0.61   0.61   0.61      5   1.14
b[50,6]     0.03  2.9e-5 5.0e-5   0.03   0.03    0.03   0.03   0.03      3   2.12
b[51,6]     0.05  2.5e-6 1.5e-5   0.05   0.05    0.05   0.05   0.05     37   1.01
b[52,6]     0.33  1.2e-5 6.6e-5   0.33   0.33    0.33   0.33   0.33     33   1.01
b[53,6]   3.9e-3  1.6e-5 3.8e-5 3.8e-3 3.9e-3  3.9e-3 3.9e-3 4.0e-3      6   1.08
b[54,6]   2.3e-6  2.3e-7 5.1e-7 1.1e-6 2.0e-6  2.2e-6 2.6e-6 3.3e-6      5   1.32
b[55,6]   2.2e-6  2.3e-7 4.5e-7 1.4e-6 1.9e-6  2.2e-6 2.4e-6 3.1e-6      4   1.69
b[56,6]   4.0e-3  4.4e-6 1.4e-5 4.0e-3 4.0e-3  4.0e-3 4.0e-3 4.0e-3     10   1.13
b[57,6]      1.7  1.4e-3 2.5e-3    1.7    1.7     1.7    1.7   1.71      4   1.54
b[58,6]     1.14  8.0e-3   0.01   1.12   1.13    1.14   1.15   1.16      2   3.73
b[59,6]     0.26  5.7e-5 1.7e-4   0.26   0.26    0.26   0.26   0.26      9    1.0
b[60,6]     0.75  3.0e-4 5.6e-4   0.75   0.75    0.75   0.75   0.75      3   2.34
b[61,6]     0.08  1.7e-5 4.9e-5   0.08   0.08    0.08   0.08   0.08      9   1.11
b[62,6]     3.85  8.8e-3   0.02   3.83   3.83    3.84   3.86   3.88      3   1.94
b[63,6]     0.07  3.1e-5 7.6e-5   0.07   0.07    0.07   0.07   0.07      6   1.22
b[64,6]     0.49  1.4e-5 8.4e-5   0.49   0.49    0.49   0.49   0.49     34   1.23
b[65,6]     6.23  7.7e-3   0.02   6.19   6.21    6.23   6.24   6.26      7   1.04
b[66,6]   4.2e-6  9.2e-8 1.6e-7 4.0e-6 4.1e-6  4.1e-6 4.3e-6 4.5e-6      3   2.18
b[67,6]     1.32  2.7e-3 6.0e-3   1.31   1.31    1.32   1.33   1.33      5   1.53
b[68,6]     0.99  2.3e-4 4.6e-4   0.99   0.99    0.99   0.99   0.99      4   1.64
b[69,6]     5.12    0.01   0.02   5.09    5.1    5.13   5.14   5.15      3   2.31
b[70,6]     0.06  3.5e-4 7.5e-4   0.06   0.06    0.06   0.06   0.06      5   1.05
b[71,6]     1.45  2.9e-3 4.9e-3   1.45   1.45    1.45   1.46   1.46      3   2.33
b[72,6]     0.79  2.1e-4 4.8e-4   0.79   0.79    0.79   0.79   0.79      5   1.26
b[73,6]     0.02  1.1e-5 2.1e-5   0.02   0.02    0.02   0.02   0.02      3   1.72
b[74,6]   1.3e-5  4.5e-7 8.4e-7 1.1e-5 1.2e-5  1.3e-5 1.4e-5 1.5e-5      3   1.94
b[75,6]     1.07  8.9e-3   0.02   1.04   1.07    1.08   1.09   1.09      3   1.89
b[76,6]     0.27  2.2e-4 1.0e-3   0.27   0.27    0.27   0.27   0.28     23    1.0
b[77,6]     2.08  3.9e-3 6.5e-3   2.07   2.08    2.08   2.09   2.09      3   2.12
b[78,6]     0.12  3.5e-5 8.3e-5   0.12   0.12    0.12   0.12   0.12      6   1.17
b[79,6]     0.04  9.6e-5 1.7e-4   0.04   0.04    0.04   0.04   0.04      3   1.64
b[80,6]     0.67  1.3e-3 2.6e-3   0.67   0.67    0.67   0.67   0.68      4   1.05
b[81,6]     6.46    0.03   0.04   6.38   6.42    6.46   6.49   6.52      3   2.27
b[82,6]     4.44  9.6e-3   0.02   4.41   4.43    4.45   4.46   4.47      4   1.83
b[1,7]      0.63  1.1e-3 2.2e-3   0.62   0.62    0.63   0.63   0.63      4   1.55
b[2,7]      6.17  6.4e-3   0.01   6.14   6.16    6.17   6.18   6.18      4   1.39
b[3,7]      0.21  1.0e-3 1.6e-3   0.21   0.21    0.22   0.22   0.22      2   3.04
b[4,7]      0.14  5.1e-5 1.7e-4   0.14   0.14    0.14   0.14   0.14     11    1.0
b[5,7]    1.2e-4  2.3e-6 6.5e-6 1.1e-4 1.2e-4  1.2e-4 1.3e-4 1.3e-4      8    1.1
b[6,7]      2.23  4.3e-3 9.2e-3   2.21   2.22    2.23   2.24   2.24      5    1.2
b[7,7]      0.43  1.7e-3 3.0e-3   0.43   0.43    0.44   0.44   0.44      3   2.03
b[8,7]      0.28  3.1e-4 7.3e-4   0.28   0.28    0.28   0.28   0.28      6   1.09
b[9,7]      1.88  1.1e-3 2.7e-3   1.87   1.88    1.88   1.88   1.89      6   1.38
b[10,7]     0.57  6.9e-4 1.3e-3   0.57   0.57    0.57   0.57   0.57      4   2.08
b[11,7]     2.08  2.7e-3 5.7e-3   2.07   2.08    2.08   2.09   2.09      4   1.52
b[12,7]     4.53    0.02   0.04   4.43   4.51    4.54   4.56    4.6      4   1.69
b[13,7]      3.5  5.1e-3   0.01   3.48   3.49     3.5   3.51   3.52      6   1.06
b[14,7]     0.41  6.0e-4 1.5e-3   0.41   0.41    0.41   0.41   0.42      6   1.21
b[15,7]     0.67  3.6e-3 8.2e-3   0.65   0.67    0.67   0.68   0.69      5   1.13
b[16,7]     7.02    0.16   0.26   6.45    6.8    7.09   7.22   7.35      3   2.14
b[17,7]     4.08  2.9e-3 9.9e-3   4.06   4.07    4.08   4.09    4.1     12   1.01
b[18,7]     0.01  4.3e-5 7.8e-5   0.01   0.01    0.01   0.01   0.01      3   1.91
b[19,7]     0.42  9.7e-4 2.4e-3   0.42   0.42    0.42   0.42   0.42      6   1.01
b[20,7]     0.04  2.0e-5 4.6e-5   0.04   0.04    0.04   0.04   0.04      5   1.52
b[21,7]     2.51  5.7e-3 9.1e-3   2.49    2.5    2.51   2.52   2.52      3   2.78
b[22,7]     5.84  9.0e-3   0.02   5.81   5.82    5.84   5.85   5.88      4   1.84
b[23,7]     0.18  6.9e-5 2.6e-4   0.18   0.18    0.18   0.18   0.18     14    1.0
b[24,7]     5.17    0.01   0.02   5.14   5.16    5.17   5.19    5.2      3   2.88
b[25,7]     1.57  9.4e-3   0.02   1.54   1.56    1.57   1.59    1.6      4   1.66
b[26,7]     1.82  2.5e-3 4.9e-3   1.81   1.82    1.82   1.82   1.83      4   1.77
b[27,7]     3.15  7.9e-3   0.01   3.12   3.13    3.15   3.16   3.16      3   1.98
b[28,7]     0.56  6.1e-4 1.4e-3   0.56   0.56    0.56   0.56   0.57      5   1.03
b[29,7]     0.29  1.5e-4 4.1e-4   0.29   0.29    0.29   0.29   0.29      7   1.14
b[30,7]     0.23  5.5e-4 9.6e-4   0.22   0.22    0.23   0.23   0.23      3   1.79
b[31,7]     0.29  3.5e-3 5.4e-3   0.28   0.28    0.29   0.29   0.29      2   2.89
b[32,7]     1.49  7.5e-3   0.01   1.46   1.48    1.49    1.5   1.51      3   1.31
b[33,7]     5.01  1.8e-3 6.1e-3    5.0   5.01    5.01   5.02   5.02     11   1.01
b[34,7]     2.04  2.6e-3 6.2e-3   2.02   2.03    2.04   2.04   2.05      6   1.99
b[35,7]     0.78  4.9e-4 1.3e-3   0.78   0.78    0.78   0.78   0.79      7   1.06
b[36,7]     1.52  2.0e-3 3.8e-3   1.52   1.52    1.52   1.53   1.53      4    1.6
b[37,7]     4.14    0.01   0.03   4.09   4.12    4.13   4.16   4.18      5   1.07
b[38,7]     3.42  7.4e-3   0.02    3.4   3.41    3.42   3.43   3.46      4   1.14
b[39,7]     0.12  4.9e-4 8.4e-4   0.12   0.12    0.12   0.12   0.12      3   1.77
b[40,7]     0.31  7.0e-4 1.5e-3   0.31   0.31    0.31   0.31   0.31      5   1.51
b[41,7]      3.7    0.01   0.02   3.68   3.69     3.7   3.72   3.74      3   2.42
b[42,7]     0.09  1.5e-5 6.1e-5   0.09   0.09    0.09   0.09   0.09     18   1.02
b[43,7]     0.14  5.9e-4 9.4e-4   0.13   0.13    0.13   0.14   0.14      3   2.36
b[44,7]     0.27  1.6e-4 5.4e-4   0.27   0.27    0.27   0.27   0.27     11   1.01
b[45,7]     2.88  9.5e-3   0.02   2.86   2.86    2.87   2.89   2.91      3   2.27
b[46,7]     0.71  1.5e-3 2.5e-3   0.71   0.71    0.71   0.71   0.72      3   2.27
b[47,7]     2.52  1.9e-3 5.7e-3    2.5   2.51    2.52   2.52   2.53      9   1.01
b[48,7]     0.15  1.4e-4 3.0e-4   0.15   0.15    0.15   0.15   0.15      4   1.36
b[49,7]      4.6    0.02   0.03   4.56   4.57    4.59   4.63   4.66      3   2.13
b[50,7]     0.01  4.8e-5 9.9e-5   0.01   0.01    0.01   0.01   0.01      4   1.42
b[51,7]     0.55  6.0e-4 1.4e-3   0.55   0.55    0.55   0.55   0.55      5   1.17
b[52,7]     0.28  3.0e-4 7.2e-4   0.28   0.28    0.28   0.28   0.28      6   1.48
b[53,7]     4.44    0.01   0.03   4.36   4.42    4.44   4.46   4.48      4   1.73
b[54,7]     0.14  1.2e-4 3.5e-4   0.14   0.14    0.14   0.14   0.14      8    1.4
b[55,7]     0.45  4.3e-4 7.8e-4   0.45   0.45    0.45   0.45   0.45      3   2.04
b[56,7]     5.28    0.05   0.08   5.12   5.21    5.31   5.35   5.39      3   1.66
b[57,7]     1.18  2.3e-3 5.2e-3   1.17   1.17    1.18   1.18   1.18      5   1.01
b[58,7]     4.69    0.01   0.02   4.66   4.67    4.68   4.71   4.72      4   1.69
b[59,7]     1.71  3.2e-3 6.3e-3    1.7   1.71    1.71   1.72   1.73      4   1.67
b[60,7]     2.88  4.0e-3 9.6e-3   2.86   2.87    2.88   2.88    2.9      6   1.55
b[61,7]     1.69  4.1e-3 7.9e-3   1.67   1.69    1.69    1.7    1.7      4   1.57
b[62,7]     0.44  1.0e-3 1.8e-3   0.44   0.44    0.44   0.44   0.44      3   2.01
b[63,7]     5.66  6.5e-3   0.02   5.64   5.65    5.66   5.68   5.69      6   1.16
b[64,7]     0.44  2.1e-3 4.4e-3   0.43   0.44    0.44   0.45   0.45      4   1.54
b[65,7]     1.25  6.1e-3 9.8e-3   1.24   1.25    1.25   1.26   1.27      3   2.49
b[66,7]     0.32  2.9e-4 7.2e-4   0.31   0.31    0.31   0.32   0.32      6    1.0
b[67,7]     1.01  1.5e-3 2.5e-3   1.01   1.01    1.01   1.01   1.01      3   1.85
b[68,7]     1.08  1.8e-3 4.2e-3   1.07   1.07    1.08   1.08   1.09      5   1.34
b[69,7]     4.85  4.8e-3   0.01   4.82   4.84    4.85   4.85   4.87      6    1.4
b[70,7]     0.67  7.6e-4 1.7e-3   0.67   0.67    0.67   0.67   0.68      5   1.28
b[71,7]      0.6  6.9e-4 2.0e-3    0.6    0.6     0.6    0.6   0.61      8    1.2
b[72,7]     1.94  4.8e-3 8.6e-3   1.92   1.93    1.94   1.94   1.95      3    2.0
b[73,7]     0.04  4.4e-5 9.5e-5   0.04   0.04    0.04   0.04   0.04      5   1.49
b[74,7]      6.6  5.6e-3   0.02   6.57   6.59     6.6   6.61   6.63      8   1.38
b[75,7]     3.71  7.2e-3   0.02   3.69    3.7     3.7   3.71   3.74      5   1.49
b[76,7]     2.86  6.4e-3   0.01   2.84   2.85    2.85   2.87   2.88      4   1.25
b[77,7]     0.63  1.7e-3 2.9e-3   0.62   0.62    0.63   0.63   0.63      3   2.32
b[78,7]     0.06  9.5e-5 2.2e-4   0.06   0.06    0.06   0.06   0.06      6   1.32
b[79,7]     0.14  2.7e-4 5.6e-4   0.14   0.14    0.14   0.14   0.14      4   1.05
b[80,7]     0.19  6.3e-4 1.1e-3   0.19   0.19    0.19   0.19   0.19      3   1.91
b[81,7]   1.3e-3  3.5e-5 5.7e-5 1.2e-3 1.2e-3  1.3e-3 1.3e-3 1.4e-3      3   2.45
b[82,7]     0.02  6.0e-5 1.5e-4   0.02   0.02    0.02   0.02   0.02      6   1.13

Samples were drawn using NUTS at Thu 06 Aug 2020 09:24:58 PM .
For each parameter, n_eff is a crude measure of effective sample size,
and Rhat is the potential scale reduction factor on split chains (at 
convergence, Rhat=1).